0 0 0 0 0 0 0 0 0 0 0 0 0 0 0 0 0 808 1443 1400 1386 1448 1482 1415 1418 1607 1666 1641 1657 1672 1733 1640 1564 1578 1540 1494 1392 1522 1507 1477 1482 1407 1456 1388 1499 1520 1452 1653 1834 1997 1899 1770 1748 1939 1876 1875 2056 2025 1994 1981 1981 1893 1925 1839 1800 1790 1760 1746 1618 1508 1559 1529 1613 1553 1197 1259 1161 1233 1090 941 827 823 809 740 705 704 641 613 532 482 477 426 405 349 314 292 218 153 141 112 63 63 38 42 24 12 10 1 5 2 1 0 1 0 0 0 0 0 0 0 2 0 0 0 0 0 0 0 0 0
0 0 0 0 0 0 0 0 0 0 0 0 0 0 0 0 0 0 532 621 625 594 697 705 764 733 881 859 924 852 1016 1014 956 964 997 1021 1020 986 1082 1047 1120 1034 1066 1028 1020 1053 1076 1071 1165 1226 1456 1374 1374 1379 1484 1660 1819 1886 2036 2154 2322 2510 2620 2848 2967 3076 3191 3310 3455 3472 3292 3312 3418 3657 2984 2338 2292 2341 2082 1713 1378 1284 1161 951 885 821 725 660 568 449 442 396 344 300 235 183 187 131 105 87 62 49 17 24 19 9 11 6 4 1 0 0 0 0 0 0 0 0 0 0 2 0 0 0 0 0 0 0 0 0
0 0 0 0 0 0 0 0 0 0 0 0 0 0 0 0 0 0 1606 1844 1964 1911 2420 2417 2482 2737 3128 3291 3515 3779 3933 3789 3638 3692 3713 3666 3533 3459 3488 3390 3472 3413 3300 3377 3039 2915 3013 2922 2970 3130 3359 3172 3001 2904 3055 3061 3195 3216 3293 3485 3415 3451 3574 3608 3645 3644 3654 3699 3695 3642 3435 3508 3251 3532 3055 2372 2324 2361 2161 1975 1750 1538 1508 1373 1302 1238 1172 989 1003 943 887 759 707 728 617 576 474 398 309 301 235 144 98 75 45 37 31 17 10 5 2 2 1 0 0 0 1 0 0 0 1 0 0 0 0 0 0 0 0 0
0 0 0 0 0 0 0 0 0 0 0 0 0 0 0 0 0 0 472 492 561 485 610 569 591 592 703 698 640 736 739 726 707 656 650 634 613 639 623 696 663 681 674 748 674 740 768 778 887 922 941 990 975 974 969 1008 1089 1097 1112 1111 1078 1089 1079 1144 1052 1056 1046 1019 973 974 1002 1044 970 1059 926 728 736 798 718 653 571 537 509 474 462 435 394 354 318 301 311 232 193 208 170 130 102 97 84 73 44 32 26 24 9 14 2 5 1 0 2 0 0 0 0 1 1 0 0 0 0 0 0 0 0 0 0 0 0 0
0 0 0 0 0 0 0 0 0 0 0 0 0 0 0 0 0 0 1741 1919 1877 1717 1884 1906 1796 1884 2087 2119 1962 2087 2167 2199 2169 2176 2295 2340 2329 2365 2504 2532 2488 2627 2489 2698 2537 2599 2707 2681 2788 3153 3094 2836 2786 2677 2715 2594 2680 2588 2598 2569 2401 2418 2275 2296 2073 2055 2069 1936 1908 1842 1748 1793 1714 1828 1559 1236 1304 1344 1159 1027 946 829 820 758 689 625 604 523 500 461 408 375 328 310 264 212 208 189 117 99 84 44 47 22 19 11 4 2 5 3 2 0 0 0 0 2 0 0 0 0 0 0 0 0 0 0 0 0 0 0
0 0 0 0 0 0 0 0 0 0 0 0 0 0 0 0 0 0 458 541 555 485 614 527 543 543 598 645 665 631 735 671 687 652 610 617 609 618 622 599 633 660 710 720 661 747 766 751 861 958 969 1012 976 969 954 983 992 1011 1017 1055 1044 1009 1025 964 1055 1009 987 1010 930 936 875 890 948 992 786 747 670 755 688 653 560 476 444 464 393 379 343 313 285 260 226 169 178 159 125 107 89 74 53 51 45 22 22 11 7 6 3 3 4 0 1 0 0 0 0 0 0 0 0 0 0 0 0 0 0 0 0 0 0 0
0 0 0 0 0 0 0 0 0 0 0 0 0 0 0 0 0 0 76 89 84 80 93 80 78 71 84 77 105 85 107 87 102 97 130 100 121 118 115 132 135 116 118 140 92 134 116 137 144 161 144 162 142 143 137 152 169 190 145 157 148 154 121 158 146 150 135 115 97 94 108 105 102 95 104 91 84 83 87 63 67 51 55 44 40 41 39 28 37 22 23 24 17 17 22 9 18 5 7 2 6 1 3 4 0 1 1 0 1 0 0 0 0 0 0 0 0 0 0 0 0 0 0 0 0 0 0 0 0 0
0 0 0 0 0 0 0 0 0 0 0 0 0 0 0 0 0 0 352 414 412 375 473 435 430 444 562 527 562 568 569 563 654 606 613 632 650 657 676 644 657 653 690 685 657 610 669 703 726 767 870 893 865 824 934 974 1044 1080 1081 1155 1194 1161 1178 1234 1274 1203 1222 1251 1191 1172 1085 1118 1115 1299 1033 835 844 842 800 690 600 568 525 438 448 397 374 337 347 305 282 237 229 211 157 144 128 108 63 62 47 28 21 20 14 5 7 2 2 1 0 0 0 0 0 0 0 0 0 0 1 0 0 0 0 0 0 0 0 0
0 0 0 0 0 0 0 0 0 0 0 0 0 0 0 0 0 0 126 144 145 139 151 160 146 161 169 166 181 199 195 189 178 163 139 165 178 183 159 175 164 180 185 197 189 187 220 231 205 276 272 264 248 273 247 266 293 324 313 352 322 312 327 330 327 321 337 316 318 310 273 301 298 268 271 199 209 190 228 147 153 149 137 150 134 122 97 73 65 71 75 58 55 48 45 29 36 28 20 17 7 11 4 5 5 1 3 0 1 3 1 0 0 0 0 0 0 0 0 0 0 0 0 0 0 0 0 0 0 0
0 0 0 0 0 0 0 0 0 0 0 0 0 0 0 0 0 0 997 1146 1103 1033 1249 1194 1144 1220 1321 1421 1383 1421 1447 1374 1303 1348 1316 1320 1250 1267 1302 1378 1361 1308 1432 1475 1423 1391 1569 1628 1744 1930 1925 1867 1846 1834 1929 1825 2017 2081 2030 2147 2064 2011 2007 1975 1971 1927 1935 1783 1794 1761 1684 1747 1682 1810 1622 1292 1211 1296 1218 1066 943 887 867 739 747 683 665 536 574 521 459 409 378 353 277 247 244 185 134 112 89 74 41 19 18 14 6 6 1 0 1 0 2 0 0 0 0 0 0 0 1 0 0 0 0 0 0 0 0 0
0 0 0 0 0 0 0 0 0 0 0 0 0 0 0 0 0 0 520 566 615 537 608 588 536 543 577 585 593 567 649 654 655 671 693 653 755 708 716 728 724 784 756 782 792 761 765 834 874 901 1072 956 951 925 905 985 1070 1094 1098 1120 1123 1163 1114 1138 1108 1166 1131 1146 1188 1179 1145 1145 1153 1218 1129 962 858 989 899 700 695 583 562 529 447 471 406 383 368 355 286 279 257 250 234 191 153 129 112 83 82 64 38 23 22 16 5 3 7 2 0 0 0 0 0 1 1 0 0 0 1 0 0 0 0 0 0 0 0 0
0 0 0 0 0 0 0 0 0 0 0 0 0 0 0 0 0 0 223 264 265 221 286 266 278 287 294 316 311 332 301 321 274 301 257 284 295 263 330 297 299 354 312 358 318 342 367 377 373 434 482 447 438 438 448 416 513 529 487 492 479 487 441 479 456 495 443 428 409 470 404 419 443 464 385 329 340 343 330 306 246 257 217 208 187 160 169 160 149 127 115 84 78 85 70 48 42 24 26 28 15 12 11 10 3 4 6 3 1 0 0 0 0 0 0 0 0 0 0 0 3 0 0 0 0 0 0 0 0 0
0 0 0 0 0 0 0 0 0 0 0 0 0 0 0 0 0 0 140 145 139 149 170 178 173 162 189 214 188 223 205 191 185 185 193 189 207 211 212 194 242 192 237 233 224 240 287 262 257 286 340 339 310 317 331 374 370 359 398 401 436 452 461 514 472 561 548 544 531 552 516 586 512 582 488 411 401 422 412 379 293 282 229 246 205 208 180 131 132 111 88 101 81 70 63 55 50 28 33 17 20 11 11 3 5 1 3 1 1 2 0 0 0 0 0 0 0 0 0 0 1 0 0 0 0 0 0 0 0 0
0 0 0 0 0 0 0 0 0 0 0 0 0 0 0 0 0 0 69 83 76 66 85 85 91 79 111 84 118 119 109 114 134 109 128 122 110 117 131 103 132 131 136 115 138 109 122 122 120 151 120 143 162 124 160 149 187 210 214 229 186 209 210 215 180 206 240 214 218 213 198 205 212 217 209 157 170 159 162 129 119 115 109 106 105 79 92 76 78 65 53 60 53 52 42 27 25 21 19 17 9 9 5 6 6 0 0 2 1 1 0 1 0 0 0 0 0 0 0 0 0 0 0 0 0 0 0 0 0 0
0 0 0 0 0 0 0 0 0 0 0 0 0 0 0 0 0 0 57 65 70 46 49 69 61 85 64 72 82 77 78 87 86 81 80 98 99 108 80 84 113 85 106 98 95 88 85 109 113 122 125 112 141 120 133 137 151 165 155 174 195 209 195 200 230 227 237 219 240 258 236 216 223 259 215 185 179 190 184 149 134 141 99 84 87 92 78 66 70 57 53 51 34 34 26 24 24 13 14 11 11 9 2 6 4 2 1 0 0 0 1 0 0 0 0 0 0 0 0 0 0 0 0 0 0 0 0 0 0 0
0 0 0 0 0 0 0 0 0 0 0 0 0 0 0 0 0 0 522 628 659 594 785 733 757 738 877 852 901 928 940 939 861 895 837 775 794 766 838 829 833 851 857 833 899 873 951 958 1008 1100 1180 1141 1202 1152 1215 1171 1285 1272 1268 1323 1193 1156 1114 1249 1253 1149 1217 1163 1173 1123 1040 1118 1070 1134 973 755 796 817 768 695 613 621 523 549 459 429 437 383 356 292 302 260 212 239 172 168 136 109 81 69 53 43 27 19 20 10 9 4 2 3 0 0 0 0 0 0 0 0 0 0 0 0 0 0 0 0 0 0 0 0
0 0 0 0 0 0 0 0 0 0 0 0 0 0 0 0 0 0 286 330 367 356 362 352 334 357 424 399 442 377 446 452 379 423 405 419 418 460 461 423 455 525 422 466 477 457 469 546 518 567 574 541 563 573 549 631 674 686 625 657 648 678 668 679 694 677 661 681 628 657 622 616 624 640 592 525 486 479 447 401 374 336 318 311 259 290 269 242 211 181 162 123 139 123 104 71 86 61 37 37 21 24 20 11 6 10 6 1 1 1 0 0 0 0 0 0 0 0 0 0 0 0 0 0 0 0 0 0 0 0
0 0 0 0 0 0 0 0 0 0 0 0 0 0 0 0 0 0 502 590 626 565 719 725 714 763 880 937 942 944 1020 969 1000 983 958 1011 999 1023 943 940 989 931 979 946 956 879 888 854 964 1002 1085 1008 927 1009 1002 1075 1202 1195 1342 1356 1343 1383 1384 1474 1383 1398 1406 1422 1417 1359 1302 1265 1304 1377 1185 935 1007 995 935 807 735 655 694 646 610 588 478 434 454 395 432 350 304 236 217 215 155 126 111 73 81 38 39 27 7 11 7 4 2 1 1 0 1 0 0 0 0 0 0 0 0 0 0 0 0 0 0 0 0 0
0 0 0 0 0 0 0 0 0 0 0 0 0 0 0 0 0 0 1790 2125 2262 2115 2789 2667 2760 2833 3452 3633 3783 3622 3894 4040 3863 3832 3795 3731 3658 3742 3748 3671 3602 3568 3349 3262 3208 3063 3185 3093 3467 3559 3717 3470 3344 3448 3412 3624 3874 3872 3666 3743 3792 3679 3516 3534 3482 3279 3210 3031 2862 2670 2642 2501 2455 2395 2153 1661 1678 1668 1659 1365 1345 1215 1155 1129 1015 960 881 879 778 677 605 507 498 388 328 285 225 194 133 147 72 79 46 30 25 22 17 11 3 5 1 0 2 0 0 1 0 0 1 0 217 0 0 0 0 0 0 0 0 0
0 0 0 0 0 0 0 0 0 0 0 0 0 0 0 0 0 0 155 184 212 183 177 173 185 190 239 238 265 235 311 270 326 282 285 327 303 330 301 283 292 310 285 278 301 291 334 319 325 344 368 390 377 339 404 395 458 457 479 490 468 481 486 424 412 450 388 371 413 369 332 319 325 328 254 207 239 243 238 183 149 141 124 106 111 101 78 76 77 45 64 52 34 45 31 34 30 12 13 14 7 4 4 6 2 1 1 0 0 0 0 0 0 0 0 0 0 0 0 0 1 0 0 0 0 0 0 0 0 0
0 0 0 0 0 0 0 0 0 0 0 0 0 0 0 0 0 0 204 225 224 198 229 226 250 261 222 283 306 305 344 345 375 347 356 367 388 358 441 406 434 383 400 435 383 401 424 423 453 466 512 511 529 536 504 523 584 669 637 644 699 696 692 745 766 836 737 689 682 691 656 610 610 651 550 412 431 421 376 296 265 251 255 233 217 177 153 151 129 156 128 116 95 92 55 65 58 31 29 30 18 12 8 6 2 5 2 1 2 0 0 0 0 0 0 0 0 0 0 0 0 0 0 0 0 0 0 0 0 0
0 0 0 0 0 0 0 0 0 0 0 0 0 0 0 0 0 0 1034 1146 1202 1071 1229 1150 1210 1141 1290 1360 1366 1373 1447 1432 1364 1387 1357 1498 1402 1308 1398 1417 1466 1461 1482 1499 1484 1517 1628 1682 1760 2006 2090 1961 2042 2018 1976 2018 2121 2143 2154 2263 2105 2106 2125 2143 2055 2034 1973 1835 1847 1797 1761 1667 1743 1878 1631 1301 1317 1321 1264 1093 1007 975 873 864 768 721 675 586 558 485 458 424 374 298 258 239 198 152 106 98 62 49 36 25 17 13 5 6 3 1 0 1 0 0 0 0 0 0 0 0 21 0 0 0 0 0 0 0 0 0
0 0 0 0 0 0 0 0 0 0 0 0 0 0 0 0 0 0 52 76 55 62 72 55 70 55 68 59 95 80 70 72 66 58 62 63 56 85 69 83 74 71 78 83 79 97 87 103 117 98 120 103 116 118 112 127 124 145 156 138 143 152 173 170 175 165 195 165 173 181 151 168 183 191 149 132 113 133 148 115 98 82 104 80 81 69 65 71 58 58 43 45 48 32 25 26 22 17 14 12 8 9 3 4 4 2 0 0 1 0 0 0 0 0 0 0 0 0 0 0 0 0 0 0 0 0 0 0 0 0
0 0 0 0 0 0 0 0 0 0 0 0 0 0 0 0 0 0 279 326 366 318 379 311 355 309 346 371 375 360 398 369 346 384 348 368 380 339 388 376 415 378 391 418 420 430 425 499 464 570 613 567 513 558 575 568 648 641 619 586 617 599 610 588 609 554 596 550 590 542 547 491 502 558 505 387 428 388 390 362 332 269 293 290 249 227 231 196 183 169 164 120 132 111 98 90 75 53 55 41 25 23 15 14 5 4 2 1 0 0 0 0 0 1 0 0 0 0 0 0 0 0 0 0 0 0 0 0 0 0
0 0 0 0 0 0 0 0 0 0 0 0 0 0 0 0 0 0 273 286 340 290 349 385 297 322 337 327 356 386 352 347 374 382 373 328 371 363 383 350 353 357 352 382 362 377 384 406 429 472 473 431 449 447 462 481 516 559 546 612 540 545 559 583 572 582 565 565 553 529 500 478 554 565 454 389 380 396 366 328 297 260 276 235 235 233 208 211 184 172 160 126 96 85 112 64 57 41 36 33 23 14 8 7 9 5 1 4 0 0 0 0 0 0 0 0 0 0 0 1 1 0 0 0 0 0 0 0 0 0
0 0 0 0 0 0 0 0 0 0 0 0 0 0 0 0 0 0 2342 3136 3168 3247 4060 4624 4674 4984 6025 6624 6642 6854 6939 6637 6232 5954 5788 5494 5092 4860 4749 4370 4194 4008 3693 3564 3326 3306 3174 3150 3231 3414 3571 3202 3111 3191 2963 3155 3296 3411 3418 3538 3346 3254 3313 3434 3385 3302 3225 3182 3174 3028 2819 2810 2633 2697 2398 1887 1803 1830 1612 1428 1306 1204 1081 1036 908 900 827 711 698 690 664 572 530 549 429 414 348 305 257 231 163 140 102 57 56 21 15 18 12 5 3 4 3 1 0 3 0 0 0 0 2 0 0 0 0 0 0 0 0 0
0 0 0 0 0 0 0 0 0 0 0 0 0 0 0 0 0 0 232 312 326 287 311 344 353 375 467 513 473 513 467 529 487 487 432 431 411 448 432 480 459 479 445 494 425 461 428 452 438 560 548 528 526 564 557 597 669 644 664 684 699 675 715 679 715 706 739 698 665 632 595 592 578 585 477 435 408 430 383 331 303 291 293 288 237 239 228 214 190 155 166 143 143 108 116 82 70 78 34 41 20 26 12 15 19 6 6 3 1 0 1 0 1 0 0 0 0 0 0 0 3 0 0 0 0 0 0 0 0 0
0 0 0 0 0 0 0 0 0 0 0 0 0 0 0 0 0 0 2873 3282 3513 3287 4032 4027 3813 3991 4537 4651 4796 4751 5019 4539 4371 4327 4077 4136 3974 3869 3817 3691 3695 3700 3603 3639 3444 3520 3641 3738 3825 4238 4469 4244 4242 4134 4257 4243 4442 4685 4819 4744 4644 4565 4607 4497 4545 4310 4264 4063 4028 4081 3656 3660 3653 3797 3262 2640 2569 2585 2538 2140 2039 1829 1798 1665 1507 1562 1349 1292 1228 1155 1034 963 834 836 740 612 491 424 318 255 177 161 110 75 59 28 23 14 9 7 2 2 3 0 1 0 1 0 0 0 852 0 0 0 0 0 0 0 0 0
0 0 0 0 0 0 0 0 0 0 0 0 0 0 0 0 0 0 454 489 532 475 497 543 483 537 657 650 661 659 700 630 671 687 642 649 691 686 681 678 712 677 663 655 688 683 732 728 792 870 922 887 859 853 856 894 953 961 913 1009 952 970 916 876 838 866 865 844 797 765 740 711 713 730 626 506 529 503 503 385 312 335 312 260 266 239 207 170 196 144 138 123 113 96 94 71 54 41 33 35 30 17 13 5 4 11 3 1 1 1 0 0 0 0 0 0 0 0 0 0 0 0 0 0 0 0 0 0 0 0
0 0 0 0 0 0 0 0 0 0 0 0 0 0 0 0 0 0 1242 1433 1453 1417 1620 1647 1627 1641 1898 2077 2174 2284 2383 2281 2252 2318 2261 2247 2102 2048 2279 2122 2140 2164 2152 2240 2127 2249 2372 2488 2674 2788 2857 2773 2661 2608 2671 2609 2746 2821 2741 2783 2755 2636 2625 2608 2634 2506 2425 2273 2273 2287 2160 2083 2064 2263 1938 1554 1481 1545 1459 1238 1133 1027 990 948 851 872 836 697 657 582 554 498 409 382 324 255 234 192 169 122 96 60 45 32 19 15 7 6 4 2 1 1 0 0 1 0 0 0 0 0 0 0 0 0 0 0 0 0 0 0
0 0 0 0 0 0 0 0 0 0 0 0 0 0 0 0 0 0 60 65 66 50 81 71 68 74 100 97 99 87 88 113 96 109 114 122 96 109 110 93 101 105 73 85 106 86 97 96 115 145 135 137 147 143 152 153 144 178 193 196 165 178 173 162 159 147 171 156 121 109 128 110 136 112 140 93 99 110 86 80 68 66 72 62 47 39 39 39 35 30 34 31 29 33 18 22 14 14 15 8 8 8 3 0 2 1 2 0 0 0 0 0 0 0 0 1 0 0 0 0 1 0 0 0 0 0 0 0 0 0
0 0 0 0 0 0 0 0 0 0 0 0 0 0 0 0 0 0 55 48 68 74 59 62 54 66 70 61 79 78 65 94 67 64 62 84 75 74 78 89 79 79 84 95 71 77 70 68 91 97 102 81 97 113 95 128 126 102 94 120 123 106 118 105 105 129 142 122 115 120 102 120 128 127 99 94 78 99 101 77 62 72 60 58 67 55 60 46 40 28 32 23 28 29 23 17 18 9 9 9 6 6 2 4 0 1 2 0 2 0 0 0 0 0 0 0 0 0 0 0 0 0 0 0 0 0 0 0 0 0
0 0 0 0 0 0 0 0 0 0 0 0 0 0 0 0 0 0 354 428 424 372 456 420 396 425 510 531 582 576 561 567 523 568 554 552 541 537 538 511 533 551 580 601 557 574 615 643 632 706 831 779 714 763 761 786 847 856 807 823 825 828 789 795 729 637 717 646 640 646 593 671 583 555 508 448 408 455 401 312 294 248 283 261 227 220 204 191 169 177 136 118 100 103 76 71 56 46 37 25 25 13 9 7 4 6 5 3 2 1 0 1 0 0 0 0 0 0 0 0 3 0 0 0 0 0 0 0 0 0
0 0 0 0 0 0 0 0 0 0 0 0 0 0 0 0 0 0 108 155 145 127 163 162 164 167 230 231 210 237 234 219 219 209 188 180 207 209 193 193 191 200 210 206 204 200 225 206 235 247 268 263 263 269 286 313 291 283 308 309 300 288 303 335 337 294 296 279 281 273 268 273 280 267 210 215 180 194 162 162 136 141 118 109 96 95 105 93 99 72 71 82 63 55 54 43 42 30 22 22 24 16 8 3 6 1 4 3 1 0 0 2 0 0 0 0 0 0 0 0 0 0 0 0 0 0 0 0 0 0
0 0 0 0 0 0 0 0 0 0 0 0 0 0 0 0 0 0 96 128 121 109 166 127 140 113 151 148 145 161 137 146 119 129 126 134 132 157 150 123 141 138 146 132 174 156 161 147 148 181 162 164 137 172 164 173 206 210 223 228 215 249 234 238 261 210 239 241 224 204 210 193 185 193 166 129 139 138 111 107 89 96 104 86 83 88 74 63 69 55 54 53 43 37 31 34 29 16 12 13 7 8 5 6 3 1 2 1 0 1 0 0 0 0 0 0 0 0 0 0 0 0 0 0 0 0 0 0 0 0
0 0 0 0 0 0 0 0 0 0 0 0 0 0 0 0 0 0 4132 4967 5513 5200 6390 6207 6097 6028 7055 7039 6892 6658 6649 6557 6020 5944 5890 5743 5444 5450 5684 5522 5721 5611 5314 5458 5266 5227 5364 5436 5747 6326 6753 6476 6135 6060 6026 6161 6252 6560 6398 6392 6320 6169 6207 6016 6042 5628 5655 5623 5346 5210 5011 4916 4796 5006 4424 3703 3271 3486 3347 2849 2646 2420 2365 2101 2069 1946 1807 1602 1574 1447 1308 1319 1220 1088 872 752 671 565 467 361 271 208 130 109 72 48 37 24 14 6 7 3 1 0 1 0 0 0 0 0 1211 0 0 0 0 0 0 0 0 0
0 0 0 0 0 0 0 0 0 0 0 0 0 0 0 0 0 0 275 316 319 290 321 329 335 315 441 506 457 441 510 546 507 419 403 448 449 413 466 493 484 459 458 449 443 428 439 493 481 507 551 546 541 548 560 640 690 648 692 748 679 720 702 717 687 716 716 694 683 640 624 590 580 593 529 420 427 388 403 337 364 323 317 272 273 288 253 211 200 171 174 174 166 128 123 95 77 64 58 56 40 22 19 21 4 2 3 3 5 1 1 1 0 1 0 0 0 0 0 0 119 0 0 0 0 0 0 0 0 0
0 0 0 0 0 0 0 0 0 0 0 0 0 0 0 0 0 0 721 869 882 798 948 939 972 938 1103 1132 1207 1149 1319 1305 1288 1322 1291 1337 1366 1344 1402 1364 1376 1296 1273 1315 1233 1148 1307 1322 1335 1425 1404 1367 1376 1325 1340 1394 1454 1409 1358 1348 1330 1297 1230 1276 1229 1108 1135 1155 1048 1036 1044 1005 967 1007 873 700 676 733 647 623 546 463 470 412 405 372 355 279 242 225 214 194 182 137 128 112 90 70 65 35 46 29 17 13 16 4 1 2 4 3 0 0 1 0 0 0 0 0 0 0 2 0 0 0 0 0 0 0 0 0
0 0 0 0 0 0 0 0 0 0 0 0 0 0 0 0 0 0 338 333 355 356 418 438 455 421 497 500 507 559 557 571 584 630 554 565 574 574 547 512 546 520 578 533 547 591 601 565 605 725 693 708 701 727 739 747 872 874 870 859 927 872 938 914 927 908 904 939 929 971 887 867 936 1004 857 756 670 716 655 625 568 494 483 470 421 428 338 339 315 297 219 225 196 192 162 124 127 101 69 69 45 25 29 16 4 6 6 2 1 0 1 0 0 0 0 0 0 0 0 0 0 0 0 0 0 0 0 0 0 0
0 0 0 0 0 0 0 0 0 0 0 0 0 0 0 0 0 0 651 682 695 635 761 738 751 757 831 884 890 995 1053 1034 1024 1027 1049 1050 1099 1070 1067 1014 995 1065 1031 1079 1060 1045 1080 1080 1100 1223 1288 1306 1297 1229 1237 1314 1431 1407 1593 1567 1540 1644 1568 1690 1729 1702 1757 1797 1814 1863 1759 1795 1861 2014 1732 1405 1517 1494 1463 1285 1141 1048 972 886 867 842 773 657 698 645 604 517 456 505 394 358 286 239 235 163 131 84 58 52 36 27 10 7 6 4 1 3 1 0 0 0 0 0 0 0 131 0 0 0 0 0 0 0 0 0
0 0 0 0 0 0 0 0 0 0 0 0 0 0 0 0 0 0 89 116 131 124 168 135 142 157 224 234 207 197 211 226 192 179 199 201 172 200 192 193 206 204 180 209 183 163 183 170 210 187 212 198 191 234 219 275 261 273 283 261 313 309 284 341 317 294 302 323 285 278 255 244 250 241 205 193 193 180 187 134 124 135 125 123 112 107 94 95 111 83 68 57 71 60 52 44 26 37 20 17 19 8 6 4 5 3 5 0 3 0 1 0 0 0 0 0 0 0 0 1 1 0 0 0 0 0 0 0 0 0
0 0 0 0 0 0 0 0 0 0 0 0 0 0 0 0 0 0 264 273 300 304 353 355 349 330 448 449 518 517 541 633 599 519 642 611 622 595 625 565 602 655 591 597 505 523 544 475 595 607 626 532 504 482 507 553 591 559 551 589 536 521 532 527 492 470 436 431 423 381 380 336 324 317 282 240 208 200 188 158 164 154 134 135 111 97 94 69 78 71 60 61 43 39 44 33 20 17 13 13 9 6 0 3 5 1 1 0 1 2 0 0 0 0 0 0 0 0 0 0 0 0 0 0 0 0 0 0 0 0
0 0 0 0 0 0 0 0 0 0 0 0 0 0 0 0 0 0 22 29 23 18 31 25 29 30 29 28 31 36 26 35 23 34 30 34 40 34 36 40 32 35 31 37 43 38 50 45 38 45 55 47 50 51 55 51 52 57 68 69 62 58 85 78 93 75 75 92 87 75 67 73 55 75 50 44 47 49 38 36 37 29 23 33 30 27 23 24 21 10 12 14 9 13 10 5 7 3 4 2 2 2 4 4 3 0 0 0 0 0 0 0 0 0 0 0 0 0 0 0 0 0 0 0 0 0 0 0 0 0
0 0 0 0 0 0 0 0 0 0 0 0 0 0 0 0 0 0 1396 1517 1473 1288 1561 1433 1430 1426 1629 1663 1661 1656 1768 1805 1687 1734 1671 1755 1756 1712 1807 1834 1927 1824 1852 2066 1959 1948 2107 2239 2255 2572 2708 2508 2451 2331 2539 2546 2612 2573 2556 2605 2381 2456 2340 2309 2184 2061 1982 1943 1909 1874 1791 1826 1784 1974 1634 1296 1305 1310 1297 1067 941 897 845 771 730 715 678 521 546 454 416 428 365 311 285 208 206 132 136 96 60 63 24 26 20 14 3 2 6 2 1 0 0 0 1 1 0 0 0 0 2 0 0 0 0 0 0 0 0 0
0 0 0 0 0 0 0 0 0 0 0 0 0 0 0 0 0 0 139 163 159 178 162 172 185 169 182 179 205 207 194 203 196 181 214 200 224 204 224 225 255 237 252 262 239 216 257 242 286 287 297 288 293 272 328 302 374 390 346 424 395 410 386 403 407 385 435 464 465 422 380 433 412 446 369 297 305 302 289 266 223 243 236 194 180 176 134 122 119 109 124 95 84 79 75 54 56 39 25 33 17 14 9 5 6 5 3 0 2 1 1 0 0 0 0 0 0 0 0 0 0 0 0 0 0 0 0 0 0 0
0 0 0 0 0 0 0 0 0 0 0 0 0 0 0 0 0 0 381 653 812 755 887 688 589 539 558 515 446 466 419 393 342 349 328 332 317 343 349 351 362 278 356 331 311 315 359 301 379 331 391 420 355 364 390 358 412 465 429 458 491 499 457 482 470 492 502 518 491 486 499 506 520 537 472 377 368 409 351 292 233 270 257 211 176 167 160 133 123 113 108 98 86 76 63 46 44 33 28 23 23 12 12 9 7 3 3 1 0 0 1 0 2 0 0 1 0 0 0 0 0 0 0 0 0 0 0 0 0 0
0 0 0 0 0 0 0 0 0 0 0 0 0 0 0 0 0 0 1565 1799 1606 1582 1745 1637 1613 1622 1810 1866 1900 1952 2192 2167 2053 2099 2130 2123 2111 2222 2203 2280 2339 2260 2342 2465 2358 2346 2473 2414 2645 2833 2945 2779 2671 2536 2451 2596 2650 2574 2606 2468 2378 2370 2244 2220 2135 2041 2066 2015 2011 1950 1700 1737 1771 1831 1596 1341 1324 1247 1127 957 889 781 748 690 595 560 487 400 400 346 313 267 293 212 188 147 117 110 90 79 46 27 30 19 15 6 3 4 2 0 1 1 1 0 0 0 0 0 0 0 22 0 0 0 0 0 0 0 0 0
0 0 0 0 0 0 0 0 0 0 0 0 0 0 0 0 0 0 52 65 59 46 56 68 59 62 73 91 79 77 86 107 85 80 76 97 73 91 96 93 97 87 92 88 84 74 80 78 98 111 100 104 118 116 107 138 147 142 139 172 154 132 167 167 179 193 130 156 144 134 118 114 151 128 138 98 92 76 88 74 85 68 70 52 64 69 53 32 43 40 37 23 38 25 26 24 10 16 13 10 13 9 3 4 1 2 1 0 0 0 0 0 0 0 0 0 0 0 0 0 0 0 0 0 0 0 0 0 0 0
0 0 0 0 0 0 0 0 0 0 0 0 0 0 0 0 0 0 363 398 433 387 492 443 415 464 536 547 534 550 606 549 571 526 583 521 505 497 550 546 525 531 533 542 503 464 491 508 556 606 679 621 596 612 619 640 731 694 705 685 712 672 672 689 675 665 643 628 625 624 557 559 560 619 524 438 446 445 460 369 320 299 275 294 241 219 219 213 203 148 170 133 139 117 96 77 68 53 45 39 30 32 18 9 10 2 5 3 0 0 1 0 0 0 0 0 0 0 0 0 0 0 0 0 0 0 0 0 0 0
0 0 0 0 0 0 0 0 0 0 0 0 0 0 0 0 0 0 289 346 332 302 424 381 399 368 468 520 480 485 466 488 486 475 493 456 448 440 452 487 477 462 476 453 489 499 512 558 488 510 593 575 532 556 569 619 714 717 767 776 702 755 760 780 752 734 771 707 686 692 603 656 634 645 589 512 515 471 423 400 355 326 333 333 304 312 291 251 247 223 188 197 142 162 141 115 110 77 66 39 36 28 14 17 14 10 3 1 4 1 0 1 0 0 0 0 0 0 0 0 0 0 0 0 0 0 0 0 0 0
0 0 0 0 0 0 0 0 0 0 0 0 0 0 0 0 0 0 560 622 657 579 613 585 633 603 746 652 698 688 802 788 821 795 767 799 802 871 815 772 806 883 913 937 910 910 967 952 1122 1247 1224 1191 1158 1111 1156 1171 1289 1261 1229 1314 1209 1134 1193 1235 1159 1121 1109 1050 1086 1043 987 1051 971 1147 967 714 711 737 692 616 554 494 438 368 364 333 318 289 261 224 209 179 159 147 118 105 77 75 51 57 23 14 23 12 9 5 5 0 1 2 1 1 0 0 0 0 0 0 0 0 0 0 0 0 0 0 0 0 0 0
0 0 0 0 0 0 0 0 0 0 0 0 0 0 0 0 0 0 160 219 177 205 237 232 204 201 269 255 299 277 285 278 292 260 285 294 264 273 279 311 310 285 267 271 294 270 282 298 271 380 388 325 357 367 340 396 451 482 458 491 480 547 590 533 547 579 614 620 675 651 602 604 620 666 570 513 552 521 488 421 420 396 342 315 287 283 270 241 208 192 195 158 146 116 102 88 92 60 44 46 31 18 15 19 4 2 4 3 3 2 1 0 0 0 0 0 0 0 0 0 0 0 0 0 0 0 0 0 0 0
0 0 0 0 0 0 0 0 0 0 0 0 0 0 0 0 0 0 129 164 197 175 257 219 240 211 222 241 217 215 248 227 243 280 237 227 233 216 237 220 245 216 211 257 233 228 248 262 260 286 261 259 270 289 256 266 285 298 316 294 343 281 329 320 354 301 326 362 308 303 275 294 331 305 284 224 232 221 199 177 171 150 145 125 121 98 108 90 91 68 62 52 45 49 52 34 20 25 24 16 17 10 13 6 2 4 4 0 1 0 0 0 0 0 0 0 0 0 0 0 0 0 0 0 0 0 0 0 0 0
0 0 0 0 0 0 0 0 0 0 0 0 0 0 0 0 0 0 111 152 138 149 159 167 143 161 189 215 192 203 196 204 184 202 201 219 186 186 179 205 201 172 191 215 178 193 193 219 225 240 267 244 247 264 266 274 304 316 279 297 317 335 318 344 374 336 332 335 359 314 316 298 315 323 304 256 223 256 203 174 160 151 168 157 150 148 132 116 112 88 90 86 67 64 65 41 37 39 28 22 18 8 10 10 5 3 2 0 0 0 0 0 0 0 0 0 0 0 0 5 0 0 0 0 0 0 0 0 0 0
0 0 0 0 0 0 0 0 0 0 0 0 0 0 0 0 0 0 228 244 226 260 324 281 297 292 345 346 334 330 351 358 365 361 309 338 327 329 376 393 343 390 364 409 369 394 444 466 445 495 485 466 455 473 494 527 541 496 603 584 590 575 551 608 610 602 578 569 547 563 521 487 550 509 489 392 380 365 367 316 286 276 254 236 193 215 189 188 152 132 140 111 90 92 87 59 48 39 41 34 16 8 10 9 4 3 2 2 2 1 0 0 0 0 0 0 0 0 0 0 0 0 0 0 0 0 0 0 0 0
0 0 0 0 0 0 0 0 0 0 0 0 0 0 0 0 0 0 84 105 113 115 109 130 142 137 164 138 164 134 130 149 148 114 133 137 144 133 118 167 129 143 146 167 136 179 160 159 176 191 187 188 211 177 191 199 217 222 191 211 242 233 235 242 237 219 261 263 268 264 221 255 278 245 234 177 184 160 171 154 148 140 138 103 110 99 97 75 93 88 73 54 51 39 52 21 29 22 21 13 8 6 2 4 3 2 2 1 1 1 1 0 0 0 0 0 0 0 0 0 0 0 0 0 0 0 0 0 0 0
0 0 0 0 0 0 0 0 0 0 0 0 0 0 0 0 0 0 7125 8352 8615 8199 10469 10989 12058 12392 15005 15741 15909 15985 16923 16453 15904 15155 15145 14839 14258 14012 14275 13954 13730 13470 12929 13122 12624 12598 12917 12285 12978 14100 14462 13620 12898 12502 12147 12109 12793 12546 12405 12196 11880 11423 11177 11035 10523 9766 9717 9227 8946 8567 8054 7845 7986 7945 6831 5642 5389 5275 4857 4367 3810 3421 3134 3020 2862 2718 2378 2234 2191 1928 1996 1614 1605 1401 1170 1031 972 745 600 493 406 270 189 137 102 74 50 22 12 15 4 3 2 3 1 0 1 1 0 0 0 0 0 0 0 0 0 0 0 0
0 0 0 0 0 0 0 0 0 0 0 0 0 0 0 0 0 0 93 90 94 102 111 110 92 109 118 140 127 138 140 143 148 109 130 154 123 130 130 131 107 132 124 148 158 120 152 156 145 179 174 183 208 193 185 200 194 223 229 206 215 232 217 218 232 241 227 237 228 251 229 195 220 240 204 192 213 172 184 136 147 130 133 108 100 95 102 87 64 73 78 59 58 45 41 34 25 23 31 11 12 8 3 5 2 4 1 0 0 0 1 0 0 0 1 0 0 0 0 0 2 0 0 0 0 0 0 0 0 0
0 0 0 0 0 0 0 0 0 0 0 0 0 0 0 0 0 0 135 169 166 159 203 168 154 178 189 186 193 191 187 208 182 187 169 172 183 167 166 179 199 203 204 210 219 213 201 228 255 257 264 273 280 267 269 284 303 319 332 313 329 349 352 363 352 387 375 366 291 329 331 328 313 327 318 205 224 275 208 189 169 153 149 137 118 112 124 91 105 86 62 62 74 70 58 44 40 37 37 14 19 15 11 9 8 4 0 0 2 0 0 0 0 0 0 0 0 0 0 0 0 0 0 0 0 0 0 0 0 0
0 0 0 0 0 0 0 0 0 0 0 0 0 0 0 0 0 0 599 611 734 568 723 665 600 592 770 805 853 850 925 985 941 1040 1031 1073 1113 1060 1090 1013 981 994 944 960 949 919 1024 947 1045 1068 1116 1039 1058 1084 1110 1117 1213 1253 1303 1266 1316 1276 1276 1358 1325 1374 1422 1323 1399 1288 1309 1317 1480 1486 1305 1091 1170 1186 1128 994 866 863 810 778 693 694 689 570 602 559 529 472 467 406 374 333 295 233 184 169 97 83 56 48 30 26 16 6 5 4 4 0 0 1 0 0 0 0 0 0 0 0 0 0 0 0 0 0 0 0
0 0 0 0 0 0 0 0 0 0 0 0 0 0 0 0 0 0 631 705 752 711 811 787 792 809 954 950 956 974 991 966 904 906 857 798 868 849 882 882 903 926 874 986 886 941 969 1047 993 1109 1194 1142 1094 1137 1155 1209 1196 1267 1324 1366 1249 1248 1208 1301 1316 1267 1296 1204 1179 1188 1073 1148 1105 1160 1000 824 779 757 714 637 562 545 498 469 400 404 366 334 312 288 282 248 230 199 189 158 127 100 80 79 46 40 21 18 18 15 6 7 1 1 3 0 1 0 0 0 0 0 0 0 5 0 0 0 0 0 0 0 0 0
0 0 0 0 0 0 0 0 0 0 0 0 0 0 0 0 0 0 69 87 108 110 106 102 106 107 157 163 178 155 157 183 143 141 145 139 149 153 136 130 143 150 138 145 152 136 151 174 165 218 183 197 216 185 229 234 286 257 306 294 266 308 306 338 314 300 331 317 307 282 249 249 277 238 266 213 243 215 207 165 158 166 129 141 124 107 123 112 84 93 91 68 77 61 67 48 53 35 23 20 21 15 8 8 7 2 2 0 5 2 3 0 0 0 0 0 0 0 0 0 2 0 0 0 0 0 0 0 0 0
0 0 0 0 0 0 0 0 0 0 0 0 0 0 0 0 0 0 805 932 971 933 1264 1240 1259 1368 1678 1723 1716 1773 1903 1980 2112 2078 2102 2026 1947 1877 1917 1843 1734 1718 1660 1657 1524 1448 1525 1550 1501 1679 1631 1516 1476 1517 1546 1607 1757 1743 1752 1789 1808 1702 1677 1790 1741 1563 1540 1451 1462 1345 1302 1214 1145 1186 1022 809 800 808 711 717 640 592 587 510 516 465 393 338 337 269 262 241 192 167 134 121 96 81 57 57 28 15 14 7 12 7 3 5 3 0 0 1 0 0 0 0 0 0 0 0 1 0 0 0 0 0 0 0 0 0
0 0 0 0 0 0 0 0 0 0 0 0 0 0 0 0 0 0 1299 1869 2172 2233 3050 3165 3143 3074 3091 2916 2939 2989 2890 2540 2375 2192 2215 1984 1965 1868 1847 1756 1762 1656 1718 1645 1610 1498 1595 1520 1559 1667 1868 1810 1784 1688 1634 1760 1689 1799 1727 1743 1778 1715 1738 1714 1714 1677 1740 1680 1601 1560 1457 1473 1299 1340 1149 1023 966 890 803 662 673 539 513 492 448 442 403 351 330 327 282 287 245 222 191 178 157 150 111 77 66 51 44 26 23 18 6 7 7 3 3 1 1 0 0 0 0 0 0 1 3 0 0 0 0 0 0 0 0 0
0 0 0 0 0 0 0 0 0 0 0 0 0 0 0 0 0 0 44 61 56 45 68 67 70 67 93 72 75 96 78 102 99 82 94 103 93 103 98 107 84 82 77 92 88 83 94 94 91 123 143 112 125 138 131 155 181 174 206 220 203 242 240 237 231 262 255 229 252 247 238 267 250 261 226 163 160 197 182 145 142 130 133 111 91 83 92 98 79 63 70 59 41 60 24 23 22 23 13 5 8 10 4 5 5 2 1 0 1 0 1 0 0 0 0 0 0 0 0 0 0 0 0 0 0 0 0 0 0 0
0 0 0 0 0 0 0 0 0 0 0 0 0 0 0 0 0 0 294 320 342 291 280 278 311 323 335 343 388 380 371 347 359 348 346 335 365 354 371 375 391 387 412 434 429 455 446 404 473 502 482 479 523 458 515 552 582 590 646 613 682 662 679 740 695 766 689 704 779 709 718 669 711 747 655 586 510 559 525 463 403 364 366 322 276 226 243 203 265 191 169 152 135 123 101 84 69 48 52 47 29 29 14 10 8 5 2 1 1 1 1 2 1 1 1 0 0 0 0 18 0 0 0 0 0 0 0 0 0 0
0 0 0 0 0 0 0 0 0 0 0 0 0 0 0 0 0 0 212 279 350 307 348 347 291 350 469 449 432 470 480 409 432 426 430 392 418 393 401 413 392 375 378 376 351 354 336 387 383 432 408 398 406 410 437 470 506 475 513 543 543 520 556 511 553 533 500 495 415 435 418 429 434 437 383 332 352 331 285 242 229 228 218 180 163 141 151 129 152 126 119 105 100 85 87 58 67 50 43 30 18 20 13 8 7 4 3 3 0 0 2 0 0 0 0 0 0 0 0 0 0 0 0 0 0 0 0 0 0 0
0 0 0 0 0 0 0 0 0 0 0 0 0 0 0 0 0 0 404 462 403 357 425 403 395 415 446 462 489 527 502 552 524 556 587 608 584 622 654 737 698 670 681 650 659 686 654 722 721 843 783 796 760 736 787 749 862 810 849 928 809 844 826 804 852 840 828 785 785 762 731 712 695 738 648 524 544 502 483 396 374 320 325 280 267 247 243 203 204 166 185 141 137 92 104 85 62 50 43 26 23 24 12 16 4 4 1 2 1 1 0 1 0 0 0 0 0 0 0 0 0 0 0 0 0 0 0 0 0 0
0 0 0 0 0 0 0 0 0 0 0 0 0 0 0 0 0 0 52 63 78 55 84 74 87 61 83 107 86 94 96 107 115 116 115 108 101 103 119 109 111 114 130 124 104 109 118 101 101 137 147 137 146 152 153 174 173 186 195 169 191 203 214 215 217 218 250 206 204 184 183 194 220 234 211 169 165 194 167 155 149 101 116 130 95 101 81 64 73 64 52 38 27 43 26 23 20 15 20 9 12 8 8 4 2 2 3 0 0 0 0 0 0 0 0 0 0 0 0 0 0 0 0 0 0 0 0 0 0 0
0 0 0 0 0 0 0 0 0 0 0 0 0 0 0 0 0 0 236 255 254 233 294 292 293 309 346 391 318 334 382 378 330 345 359 326 345 317 303 346 373 367 347 336 356 375 411 394 462 523 460 475 459 424 448 489 538 545 532 583 526 563 579 578 586 590 498 522 523 454 439 466 467 453 419 361 324 296 299 266 236 216 224 225 202 170 177 168 138 130 124 102 89 91 58 56 51 33 32 38 20 21 11 9 7 3 2 1 2 1 0 0 0 0 0 0 0 0 0 0 1 0 0 0 0 0 0 0 0 0
0 0 0 0 0 0 0 0 0 0 0 0 0 0 0 0 0 0 1088 1711 2250 2151 2736 2502 2370 2359 2543 2404 2452 2385 2356 2265 2156 2124 1846 2024 1895 1823 1883 1758 1821 1798 1762 1808 1701 1620 1721 1687 1661 1866 1878 1825 1755 1737 1688 1675 1830 1733 1873 1833 1885 1776 1859 1829 1892 1783 1726 1751 1639 1626 1523 1530 1459 1481 1260 978 997 1000 900 757 738 721 625 573 564 546 479 443 439 348 326 327 286 253 220 164 175 137 115 84 71 44 34 21 21 16 7 2 6 1 1 0 0 0 0 0 0 0 0 0 17 0 0 0 0 0 0 0 0 0
0 0 0 0 0 0 0 0 0 0 0 0 0 0 0 0 0 0 97 122 112 120 135 134 123 109 171 160 151 151 156 174 164 154 159 153 146 163 175 172 163 171 152 181 170 183 177 187 200 216 249 245 227 240 249 243 271 274 286 363 336 327 330 320 332 333 384 361 380 365 338 364 330 389 350 259 270 271 302 275 203 232 197 193 182 156 166 140 138 118 121 127 111 95 85 77 74 86 45 48 39 29 19 16 18 13 6 1 2 3 1 0 0 0 0 0 0 0 0 0 0 0 0 0 0 0 0 0 0 0
0 0 0 0 0 0 0 0 0 0 0 0 0 0 0 0 0 0 830 1087 1058 970 1117 1106 1046 994 1142 1174 1178 1172 1209 1203 1168 1216 1174 1123 1112 1069 1140 1200 1158 1198 1166 1260 1138 1211 1301 1349 1451 1553 1682 1597 1596 1684 1640 1669 1774 1757 1723 1740 1784 1762 1675 1754 1707 1603 1589 1561 1523 1494 1401 1388 1518 1557 1349 1194 1120 1127 1099 889 870 729 706 648 648 597 552 476 464 393 403 350 316 252 206 177 156 113 126 86 67 48 26 26 22 6 13 3 5 0 0 1 0 0 0 0 0 0 0 0 138 0 0 0 0 0 0 0 0 0
0 0 0 0 0 0 0 0 0 0 0 0 0 0 0 0 0 0 195 250 255 244 281 296 289 276 369 361 365 372 390 410 364 318 332 326 328 357 326 330 406 386 379 377 365 377 424 450 453 452 499 440 494 442 500 481 535 568 522 523 535 543 500 540 494 492 507 492 502 505 461 460 484 459 439 369 338 333 322 296 268 254 241 217 191 186 179 175 139 142 114 106 119 82 70 71 63 42 47 35 19 23 16 12 7 3 2 2 1 0 0 0 0 0 0 0 0 0 0 0 5 0 0 0 0 0 0 0 0 0
0 0 0 0 0 0 0 0 0 0 0 0 0 0 0 0 0 0 548 761 838 789 946 870 816 773 1063 1070 1016 1063 1045 980 957 889 881 892 921 900 947 918 951 944 1042 1036 986 944 1082 1057 1091 1209 1212 1127 1136 1196 1125 1186 1218 1266 1307 1316 1373 1301 1264 1279 1332 1307 1257 1206 1232 1183 1160 1072 1109 1124 1001 847 756 746 690 617 598 541 518 461 416 432 358 293 329 244 207 204 212 181 157 125 107 68 69 74 38 41 23 18 8 6 6 4 3 2 2 0 1 0 0 0 0 0 0 1 1 0 0 0 0 0 0 0 0 0
0 0 0 0 0 0 0 0 0 0 0 0 0 0 0 0 0 0 476 528 549 552 639 580 642 651 722 744 703 707 788 775 768 735 722 755 676 660 762 749 707 717 696 834 748 786 852 891 968 1038 1067 1027 986 1066 1010 1121 1192 1115 1192 1167 1195 1238 1264 1195 1250 1221 1222 1224 1146 1110 1044 1020 1039 1069 951 775 785 815 707 659 597 590 533 499 467 435 437 331 328 298 241 285 241 213 215 168 148 117 89 80 45 51 19 14 10 11 8 4 1 0 1 1 0 0 0 0 0 0 0 0 0 0 0 0 0 0 0 0 0 0
0 0 0 0 0 0 0 0 0 0 0 0 0 0 0 0 0 0 86 108 78 98 104 110 117 126 156 167 147 172 160 178 146 171 158 129 150 146 147 151 154 142 168 142 160 153 162 171 174 165 200 198 170 207 204 230 253 273 267 272 275 262 286 317 302 314 284 244 270 264 267 237 215 225 222 174 186 163 165 128 127 121 124 128 95 113 111 83 109 51 70 76 67 57 30 44 40 26 21 13 13 14 15 8 5 5 0 0 0 0 0 1 0 0 0 0 0 1 0 0 0 0 0 0 0 0 0 0 0 0
0 0 0 0 0 0 0 0 0 0 0 0 0 0 0 0 0 0 819 999 999 987 1207 1146 1151 1053 1298 1292 1293 1369 1361 1327 1250 1265 1288 1212 1221 1235 1234 1238 1307 1258 1213 1294 1211 1186 1268 1318 1415 1602 1652 1555 1549 1633 1596 1656 1750 1789 1843 1878 1850 1923 1754 1767 1705 1837 1679 1660 1638 1569 1433 1473 1503 1553 1375 1038 1122 1152 1085 955 829 791 760 668 617 585 584 470 504 489 429 395 373 305 254 239 204 177 119 116 85 78 46 40 27 14 11 6 1 2 1 1 3 0 0 0 0 0 0 0 1 0 0 0 0 0 0 0 0 0
0 0 0 0 0 0 0 0 0 0 0 0 0 0 0 0 0 0 359 394 454 422 461 428 447 474 513 497 542 532 571 532 534 485 523 524 457 494 524 520 567 589 556 574 550 614 611 604 661 742 792 799 768 785 773 752 829 795 845 873 862 872 825 869 900 845 888 864 825 857 791 783 841 869 778 591 597 614 617 509 481 432 420 373 358 294 310 284 243 208 205 191 168 155 144 105 100 76 51 54 33 16 17 12 7 6 4 1 3 2 0 0 0 0 0 0 0 0 0 0 0 0 0 0 0 0 0 0 0 0
0 0 0 0 0 0 0 0 0 0 0 0 0 0 0 0 0 0 358 459 412 396 469 448 414 410 456 455 458 468 483 477 467 435 450 404 412 452 431 459 467 529 463 517 490 509 528 538 560 602 646 564 599 637 607 623 693 676 651 688 640 692 670 731 691 695 694 692 684 595 640 611 620 625 514 485 457 499 426 369 363 340 362 309 307 269 256 224 218 182 192 163 153 117 113 72 72 67 59 33 32 23 17 13 8 2 3 0 2 2 1 1 2 0 0 1 0 0 0 0 2 0 0 0 0 0 0 0 0 0
0 0 0 0 0 0 0 0 0 0 0 0 0 0 0 0 0 0 132 142 180 163 227 197 243 261 270 274 293 297 300 276 278 245 243 247 274 234 276 256 267 275 286 276 277 300 295 297 337 336 352 320 330 335 329 344 409 386 359 410 422 417 419 424 413 363 405 391 407 420 374 365 406 351 305 260 267 270 237 212 211 150 158 170 134 144 126 106 113 97 101 82 80 60 57 53 46 43 34 29 25 15 13 4 5 2 5 3 2 0 0 0 0 0 0 1 0 0 0 0 20 0 0 0 0 0 0 0 0 0
0 0 0 0 0 0 0 0 0 0 0 0 0 0 0 0 0 0 360 437 395 392 461 447 477 501 576 558 561 627 655 588 597 596 578 629 543 521 567 568 554 550 552 565 522 540 557 643 659 712 691 723 728 682 830 762 815 786 810 826 752 773 757 761 748 737 731 739 705 724 676 675 680 754 595 527 537 535 527 452 399 380 381 344 318 318 295 229 248 233 192 149 157 163 102 102 89 68 64 43 38 26 13 7 5 9 1 1 3 0 2 0 0 0 0 0 0 0 0 0 2 0 0 0 0 0 0 0 0 0
0 0 0 0 0 0 0 0 0 0 0 0 0 0 0 0 0 0 275 286 314 312 356 342 298 342 386 374 370 348 387 365 353 355 317 372 381 371 354 371 382 376 377 396 402 421 440 459 505 589 633 578 575 602 584 633 638 649 675 688 651 640 562 675 653 655 631 594 569 547 527 490 535 555 493 403 426 427 385 336 326 296 281 281 251 239 191 188 145 157 126 134 103 77 82 56 63 28 34 32 19 11 13 6 4 5 1 0 1 0 1 1 0 0 0 0 0 0 0 0 0 0 0 0 0 0 0 0 0 0
0 0 0 0 0 0 0 0 0 0 0 0 0 0 0 0 0 0 391 447 473 449 554 536 528 517 528 519 558 563 615 558 513 527 532 496 511 543 538 539 519 511 578 612 576 635 609 686 735 736 776 769 813 801 828 855 862 866 839 883 889 801 864 787 854 878 838 816 858 818 772 780 820 882 731 591 605 645 558 492 495 446 434 414 391 347 301 279 296 222 222 209 182 185 123 134 103 94 64 68 48 23 23 25 9 8 8 5 3 1 0 1 1 0 0 0 0 0 0 0 0 0 0 0 0 0 0 0 0 0
0 0 0 0 0 0 0 0 0 0 0 0 0 0 0 0 0 0 49 66 84 67 104 94 80 105 126 112 139 112 149 108 146 132 123 125 112 128 116 112 144 132 155 114 123 139 140 150 130 173 157 161 139 179 151 151 179 181 202 200 203 211 220 203 182 207 213 211 197 167 164 169 181 181 144 139 141 120 131 123 116 91 74 84 69 72 54 48 47 41 51 33 27 23 20 10 12 16 15 6 5 3 3 1 1 2 2 0 1 0 0 0 0 0 0 0 0 0 0 0 0 0 0 0 0 0 0 0 0 0
0 0 0 0 0 0 0 0 0 0 0 0 0 0 0 0 0 0 188 186 218 202 272 234 260 226 279 288 301 347 309 305 316 322 299 296 314 277 321 288 319 288 278 306 300 325 309 290 297 321 298 327 301 318 347 369 414 409 444 476 490 489 488 535 520 557 548 585 558 588 534 520 554 589 544 469 451 505 500 414 364 371 346 329 301 271 225 225 225 184 189 177 153 159 119 88 75 65 67 41 37 31 16 13 15 5 0 3 3 0 1 1 0 0 0 0 0 0 0 0 0 0 0 0 0 0 0 0 0 0
0 0 0 0 0 0 0 0 0 0 0 0 0 0 0 0 0 0 8 11 21 24 23 15 14 13 23 21 25 17 32 32 30 37 31 26 19 27 22 32 31 28 39 34 17 31 27 18 31 34 35 40 30 34 32 45 40 52 47 56 58 50 59 58 70 54 56 50 49 48 39 45 45 53 36 33 27 31 27 33 30 31 21 24 21 31 17 11 17 11 11 13 13 7 12 3 4 7 7 3 2 2 3 2 0 0 1 0 0 0 0 0 0 1 0 0 0 0 0 0 0 0 0 0 0 0 0 0 0 0
0 0 0 0 0 0 0 0 0 0 0 0 0 0 0 0 0 0 174 227 223 223 228 240 243 256 286 296 294 285 286 290 296 280 250 280 279 290 271 273 297 314 307 341 295 330 343 359 376 344 341 341 351 365 397 377 420 405 406 427 417 424 481 492 454 464 453 526 457 448 443 407 399 397 351 357 293 304 261 253 231 195 197 177 183 185 137 135 137 97 108 92 71 72 61 38 41 33 27 21 13 17 6 7 5 1 6 0 0 1 0 0 0 0 0 0 0 0 0 1 1 0 0 0 0 0 0 0 0 0
0 0 0 0 0 0 0 0 0 0 0 0 0 0 0 0 0 0 2454 2720 2566 2299 2428 2315 2144 1856 2153 2038 1871 1904 2027 2061 2023 2082 2071 2162 2223 2351 2495 2619 2765 2782 2837 2940 3096 3100 3164 3240 3483 3904 4147 3791 3670 3361 3417 3257 3366 3338 3086 3039 3001 2809 2629 2539 2433 2262 2298 2095 2088 2034 1894 1906 2015 2072 1711 1413 1458 1526 1365 1143 1006 928 906 695 770 596 587 520 476 394 358 312 254 265 190 160 160 115 77 74 59 31 20 19 10 16 7 7 4 0 1 0 0 1 0 0 0 0 0 0 0 0 0 0 0 0 0 0 0 0
0 0 0 0 0 0 0 0 0 0 0 0 0 0 0 0 0 1 210 270 275 248 320 295 287 322 383 432 430 431 414 434 415 376 347 356 330 379 327 356 357 367 354 354 350 371 380 411 457 464 477 474 474 465 482 492 520 541 583 556 538 490 556 576 560 572 538 539 547 503 484 476 469 466 434 373 327 366 329 300 252 246 242 200 201 207 195 153 145 135 126 102 107 99 95 61 51 41 33 34 15 16 18 7 8 5 3 4 1 0 0 0 1 0 0 0 0 0 0 0 1 0 0 0 0 0 0 0 0 0
0 0 0 0 0 0 0 0 0 0 0 0 0 0 0 0 0 0 8969 10219 10688 10028 12139 12471 12782 12720 14781 15137 14980 15145 15535 15254 14795 14636 14326 14273 14006 13921 14466 13851 14217 14080 14097 14358 14011 13852 14237 14075 14090 14937 15957 15070 13770 13424 13451 13504 13685 13420 13258 13163 12763 12230 11688 11293 11149 10406 10191 9647 9504 9004 8377 8124 8102 8584 7445 5954 5739 5752 5304 4325 4042 3586 3568 3280 3031 2842 2585 2241 2284 2074 1894 1647 1575 1385 1256 1032 897 711 601 547 364 261 237 143 99 66 61 28 18 12 10 1 5 1 1 0 0 0 0 0 1 0 0 0 0 0 0 0 0 0
0 0 0 0 0 0 0 0 0 0 0 0 0 0 0 0 0 0 63 111 98 85 118 106 96 129 156 176 161 176 172 175 173 161 181 139 157 159 130 136 168 155 162 150 134 118 146 174 159 179 171 186 219 192 213 245 261 276 241 298 308 289 322 295 306 325 334 316 307 296 298 264 265 330 252 233 198 200 205 192 150 130 147 145 107 118 127 98 98 92 81 63 56 65 56 37 41 28 31 16 19 14 11 6 7 3 0 2 1 0 0 1 0 0 0 0 0 0 0 0 0 0 0 0 0 0 0 0 0 0
0 0 0 0 0 0 0 0 0 0 0 0 0 0 0 0 0 0 45 54 69 55 68 79 83 81 102 87 112 113 128 113 94 70 95 79 87 111 88 92 86 102 84 102 96 78 98 90 98 120 125 127 126 140 118 155 148 144 160 165 161 167 183 179 213 202 216 175 191 171 183 151 170 146 147 127 131 130 134 104 90 86 79 100 98 80 74 57 62 49 48 58 51 30 29 28 17 20 12 19 8 7 11 2 1 3 3 0 1 1 0 0 0 0 0 0 0 0 0 0 0 0 0 0 0 0 0 0 0 0
0 0 0 0 0 0 0 0 0 0 0 0 0 0 0 0 0 0 896 1486 1996 2085 2115 1754 1533 1374 1459 1267 1118 1032 954 731 588 527 577 513 482 499 496 471 487 452 459 439 438 418 428 443 407 475 521 467 481 440 492 473 495 519 562 594 576 540 560 613 629 567 635 607 571 587 576 546 534 595 465 388 400 399 375 297 322 292 246 237 233 165 168 149 167 119 129 116 119 109 81 68 67 47 49 32 28 12 12 13 11 6 4 2 3 3 2 0 0 0 0 0 0 0 0 0 0 0 0 0 0 0 0 0 0 0
0 0 0 0 0 0 0 0 0 0 0 0 0 0 0 0 0 0 668 742 740 704 865 852 841 848 1052 997 1059 1064 1073 1066 1108 1018 998 1096 989 989 1052 984 1038 966 928 1024 997 1009 1022 1065 1121 1199 1235 1128 1224 1173 1192 1239 1437 1377 1396 1439 1354 1414 1389 1454 1376 1383 1339 1255 1301 1240 1120 1096 1122 1104 951 826 810 874 734 706 657 645 641 573 558 495 457 426 381 372 318 311 250 204 205 185 116 91 87 70 39 32 28 16 12 6 7 1 0 3 1 0 1 0 0 0 0 0 1 0 2 0 0 0 0 0 0 0 0 0
0 0 0 0 0 0 0 0 0 0 0 0 0 0 0 0 0 0 375 434 455 402 465 461 475 460 511 495 488 496 489 511 460 534 494 488 512 494 466 555 547 529 532 595 553 549 618 644 666 706 791 738 671 665 711 754 874 807 809 904 800 837 840 868 848 861 848 844 880 802 754 761 797 796 753 608 629 655 581 504 460 426 433 405 377 381 310 315 265 228 215 192 164 148 142 110 98 85 58 57 37 30 21 13 9 12 3 3 1 1 1 1 0 0 0 0 0 0 0 0 0 0 0 0 0 0 0 0 0 0
0 0 0 0 0 0 0 0 0 0 0 0 0 0 0 0 0 1 469 556 545 546 664 610 651 635 749 769 746 751 803 814 753 725 735 753 762 696 726 760 721 748 704 763 741 713 740 802 794 894 879 949 891 840 921 939 1015 1023 991 1022 1017 1017 1001 987 957 1014 998 1006 932 937 846 823 839 889 782 627 610 605 646 500 469 426 436 392 356 354 316 304 285 244 214 211 182 185 151 145 111 83 78 61 57 37 21 17 8 11 1 5 2 0 1 0 0 0 0 0 0 0 0 0 0 0 0 0 0 0 0 0 0 0
0 0 0 0 0 0 0 0 0 0 0 0 0 0 0 0 0 0 223 260 275 263 290 271 280 274 281 283 308 319 313 268 275 294 279 274 262 252 248 286 299 277 277 285 301 312 327 349 348 418 465 417 447 435 450 459 540 490 527 469 508 469 462 478 444 474 402 403 428 437 360 438 398 432 355 325 283 341 323 269 266 257 220 229 191 179 176 146 145 131 104 108 91 76 63 65 39 42 40 21 21 11 9 5 4 2 1 3 2 1 0 0 1 0 0 0 0 0 0 0 6 0 0 0 0 0 0 0 0 0
