0 0 0 0 0 0 0 0 0 0 0 0 0 0 0 0 0 0 1 0 0 520 874 843 855 925 795 791 865 877 987 956 938 967 975 937 930 1032 1015 1025 1039 971 1022 985 1092 1113 1076 1255 1370 1486 1443 1366 1334 1471 1405 1461 1588 1588 1580 1529 1540 1482 1537 1449 1409 1449 1445 1389 1274 1210 1233 1241 1317 1252 975 993 938 966 843 750 653 630 612 543 523 495 441 423 356 307 274 242 219 169 137 129 88 63 43 32 17 19 10 7 1 2 1 0 2 1 0 0 0 0 0 0 0 0 0 0 1 0 0 0 0 0 0 0 0 0
0 0 0 0 0 0 0 0 0 0 0 0 0 0 0 0 0 0 0 0 0 0 337 380 406 369 406 403 447 407 529 533 526 525 542 591 589 612 657 641 702 644 693 640 682 709 715 757 784 802 977 909 914 904 950 1083 1162 1176 1268 1340 1397 1520 1582 1728 1849 1855 2015 2201 2265 2409 2381 2388 2579 2738 2293 1810 1750 1826 1578 1301 1034 955 845 686 609 572 486 427 337 257 249 211 169 139 102 83 70 46 36 26 17 14 2 4 4 2 0 0 0 0 0 0 0 0 0 0 0 0 0 0 1 0 0 0 0 0 0 0 0 0
0 0 0 0 0 0 0 0 0 0 0 0 0 0 0 0 0 0 0 0 1 1 1360 1358 1354 1383 1476 1531 1615 1748 1935 1900 1892 1992 2020 2119 2024 2091 2163 2137 2209 2254 2266 2325 2103 2013 2130 2134 2121 2251 2426 2297 2210 2091 2242 2234 2331 2383 2442 2527 2514 2522 2642 2659 2673 2747 2722 2779 2800 2774 2665 2702 2553 2752 2417 1841 1806 1828 1670 1517 1326 1141 1121 1008 937 871 831 650 645 592 516 437 387 385 308 245 185 159 109 96 78 43 25 18 15 7 5 1 2 0 0 0 0 0 0 0 0 0 0 0 0 0 0 0 0 0 0 0 0 0
0 0 0 0 0 0 0 0 0 0 0 0 0 0 0 0 0 0 0 0 0 1 358 351 355 369 399 367 372 403 409 447 423 401 413 416 399 432 439 444 442 464 467 521 477 534 583 579 669 674 704 721 760 727 744 758 829 851 879 832 839 828 838 901 837 814 833 820 773 785 813 850 776 866 748 569 591 626 567 523 430 412 375 354 330 293 249 233 204 181 186 136 94 113 82 62 48 24 27 25 16 8 2 4 1 1 0 0 0 0 1 0 0 0 0 0 0 0 0 0 0 0 0 0 0 0 0 0 0 0
0 0 0 0 0 0 0 0 0 0 0 0 0 0 0 0 0 0 0 0 1 0 969 1105 1017 1052 1029 1041 1012 1059 1181 1160 1268 1282 1361 1433 1445 1446 1612 1673 1625 1778 1681 1879 1755 1804 1902 1934 2001 2381 2312 2123 2091 2019 2116 1961 2058 2011 2015 1953 1834 1884 1748 1809 1618 1594 1614 1544 1507 1438 1360 1448 1359 1458 1261 1000 1005 1050 896 770 721 617 601 578 493 433 397 336 323 282 253 206 181 155 134 111 78 75 38 36 26 13 6 8 5 2 0 0 0 1 0 0 0 0 0 1 0 0 0 0 0 0 0 0 0 0 0 0 0 0
0 0 0 0 0 0 0 0 0 0 0 0 0 0 0 0 0 0 0 0 0 0 340 304 308 297 319 338 364 359 398 385 397 375 381 368 410 435 421 383 425 433 478 523 456 527 563 546 615 723 707 736 745 720 698 730 746 755 800 805 782 765 790 741 804 775 786 790 721 711 699 684 751 789 606 589 512 586 517 514 420 362 341 335 276 251 238 202 170 152 131 95 96 82 64 40 29 21 18 16 6 6 8 3 2 0 0 0 1 0 0 0 0 0 0 0 0 0 0 0 0 0 0 0 0 0 0 0 0 0
0 0 0 0 0 0 0 0 0 0 0 0 0 0 0 0 0 0 0 0 0 0 55 40 47 35 46 33 50 38 47 46 45 51 72 58 70 64 80 78 79 69 70 78 57 81 88 102 94 112 95 112 104 100 97 104 127 138 99 122 116 116 89 123 115 112 110 98 79 72 82 80 85 84 82 69 66 61 67 49 52 35 39 34 31 26 29 21 22 14 16 15 11 5 12 2 8 1 2 2 1 1 0 1 0 0 0 0 0 0 0 0 0 0 0 0 0 0 0 0 0 0 0 0 0 0 0 0 0 0
0 0 0 0 0 0 0 0 0 0 0 0 0 0 0 0 0 0 0 0 0 0 281 266 242 257 277 268 276 304 323 324 360 346 360 374 424 416 434 423 447 426 484 466 440 422 473 525 509 572 675 654 666 626 713 723 785 824 846 881 914 916 940 951 987 944 944 1019 941 910 874 912 906 1046 833 685 672 682 623 548 459 438 422 343 326 297 259 239 232 192 159 142 122 106 70 69 45 44 21 22 10 8 4 5 0 1 1 0 0 0 0 0 0 0 0 0 0 0 0 0 1 0 0 0 0 0 0 0 0 0
0 0 0 0 0 0 0 0 0 0 0 0 0 0 0 0 0 0 0 0 0 0 87 107 85 107 98 110 101 110 121 113 116 100 88 103 113 130 111 129 106 125 129 143 133 143 163 181 151 199 204 201 188 204 185 203 223 234 251 277 258 255 265 276 269 253 275 252 260 254 231 248 246 222 221 155 169 150 190 122 113 116 104 113 93 82 71 42 36 51 40 38 34 17 21 10 16 11 8 5 1 5 0 0 2 0 0 0 0 0 0 0 0 0 0 0 0 0 0 0 0 0 0 0 0 0 0 0 0 0
0 0 0 0 0 0 0 0 0 0 0 0 0 0 0 0 0 0 0 0 0 0 682 685 600 660 692 731 734 731 772 784 727 805 807 820 772 834 865 917 932 875 973 1049 1017 992 1148 1230 1285 1418 1445 1404 1381 1386 1466 1390 1565 1643 1565 1667 1609 1561 1611 1567 1557 1562 1515 1433 1431 1453 1360 1422 1358 1475 1342 1034 965 1014 948 852 722 666 672 547 541 496 479 363 363 314 261 228 200 174 140 103 107 71 50 30 29 19 13 3 3 7 2 0 0 0 0 0 0 0 0 0 0 0 0 0 0 0 0 0 0 0 0 0 0 0
0 0 0 0 0 0 0 0 0 0 0 0 0 0 0 0 0 0 0 0 0 0 341 346 331 317 323 322 317 297 380 400 390 398 437 420 493 489 460 487 490 539 543 582 561 581 583 620 656 679 822 739 740 743 692 769 838 835 857 883 874 913 873 883 874 898 900 918 953 916 928 925 902 1008 921 776 707 787 725 587 543 452 442 405 337 343 311 286 248 229 204 171 161 142 134 75 63 60 47 36 31 25 11 3 4 2 1 0 0 0 0 0 0 0 0 1 0 0 0 0 1 0 0 0 0 0 0 0 0 0
0 0 0 0 0 0 0 0 0 0 0 0 0 0 0 0 0 0 0 0 0 0 150 188 197 184 179 182 186 189 187 213 170 192 162 193 217 183 233 213 223 277 244 271 250 279 294 292 309 340 378 352 338 345 371 321 415 437 381 386 379 386 357 366 374 403 355 353 348 400 347 345 376 401 322 277 280 290 270 237 197 213 170 158 143 113 116 101 98 74 72 42 36 50 30 21 16 12 6 11 4 1 1 2 0 0 1 1 0 0 0 0 0 0 0 0 0 0 0 0 0 0 0 0 0 0 0 0 0 0
0 0 0 0 0 0 0 0 0 0 0 0 0 0 0 0 0 0 0 0 0 0 86 109 105 106 95 117 102 118 118 105 107 116 119 117 118 124 144 125 173 122 150 157 156 160 199 182 166 200 235 233 202 216 218 244 234 205 268 268 288 298 293 329 308 334 356 345 370 356 367 409 371 412 346 291 279 312 301 272 200 193 167 168 135 138 123 82 69 54 38 51 39 37 34 24 20 10 15 6 6 0 4 1 1 0 1 0 0 0 0 0 0 0 0 0 0 0 0 0 1 0 0 0 0 0 0 0 0 0
0 0 0 0 0 0 0 0 0 0 0 0 0 0 0 0 0 0 0 0 0 0 48 54 52 48 65 46 64 60 54 65 77 77 94 81 80 73 82 74 94 102 90 86 86 82 96 89 91 103 86 107 113 94 106 106 132 154 154 170 142 156 159 160 141 149 189 169 163 159 153 153 172 171 161 128 139 124 137 96 91 85 80 74 77 51 71 49 47 46 41 32 31 31 24 7 16 4 6 4 3 3 0 1 0 0 0 0 0 0 0 0 0 0 0 0 0 0 0 0 0 0 0 0 0 0 0 0 0 0
0 0 0 0 0 0 0 0 0 0 0 0 0 0 0 0 0 0 0 0 0 0 28 43 29 52 32 41 41 41 39 52 48 38 47 55 52 60 53 59 84 50 61 69 70 64 52 80 74 73 77 71 103 73 85 88 96 108 100 102 122 134 131 127 151 161 164 152 176 185 166 156 165 201 156 137 131 142 132 100 97 105 70 62 58 71 48 47 43 28 28 31 18 13 16 11 12 4 6 3 4 2 0 1 2 1 0 0 0 0 0 0 0 0 0 0 0 0 0 0 0 0 0 0 0 0 0 0 0 0
0 0 0 0 0 0 0 0 0 0 0 0 0 0 0 0 0 0 0 0 0 0 416 441 430 436 465 445 492 496 554 540 483 516 503 503 489 493 546 555 573 576 574 581 644 629 693 692 735 806 849 843 882 901 917 912 978 967 992 1024 920 915 894 993 1002 891 984 925 921 892 846 892 840 914 814 605 643 632 598 558 459 452 380 427 333 306 283 241 219 180 172 148 100 112 82 68 58 43 34 32 22 13 4 6 5 5 1 1 0 0 0 0 0 0 0 0 0 0 0 0 0 0 0 0 0 0 0 0 0 0
0 0 0 0 0 0 0 0 0 0 0 0 0 0 0 0 0 0 0 1 0 1 185 207 185 192 219 220 228 216 261 259 229 250 247 265 268 295 298 276 314 353 296 314 355 308 321 375 355 403 405 400 394 441 392 453 487 493 456 475 468 510 514 513 546 509 498 514 481 509 491 494 495 513 467 402 377 358 345 305 281 251 243 224 192 186 176 141 140 105 89 68 67 53 42 33 41 19 14 12 6 3 5 1 1 2 2 0 0 0 0 0 0 0 0 0 0 0 0 0 0 0 0 0 0 0 0 0 0 0
0 0 0 0 0 0 0 0 0 0 0 0 0 0 0 0 0 0 0 0 0 0 399 396 375 420 409 426 470 463 514 517 555 524 523 557 550 602 583 588 622 579 637 614 616 575 596 595 690 704 766 711 679 731 722 787 872 896 959 1003 983 1027 1040 1082 1000 1024 1048 1038 1054 1003 997 985 1037 1091 946 729 790 778 724 619 572 496 520 476 421 411 334 269 289 239 252 192 154 113 114 89 66 51 29 21 24 7 6 4 1 2 1 0 0 1 0 0 0 0 0 0 0 0 0 0 0 0 0 0 0 0 0 0 0 0
0 0 0 0 0 0 0 0 0 0 0 0 0 0 0 0 0 0 0 0 1 1 1503 1449 1472 1456 1495 1573 1668 1675 1838 1952 1909 1881 1900 1918 1873 1989 2023 1994 1978 1951 1940 1883 1907 1807 1964 1899 2240 2273 2429 2299 2264 2328 2372 2568 2790 2772 2617 2719 2783 2736 2603 2662 2621 2486 2464 2288 2211 2073 2059 1943 1920 1872 1667 1287 1323 1261 1276 1053 1014 880 832 815 729 666 602 572 500 410 365 271 266 207 143 120 97 79 55 36 23 19 8 9 5 7 1 0 0 1 1 0 0 0 0 1 0 0 0 0 67 0 0 0 0 0 0 0 0 0
0 0 0 0 0 0 0 0 0 0 0 0 0 0 0 0 0 0 0 0 0 0 93 94 101 96 92 114 111 103 137 122 168 123 138 154 158 194 151 153 159 181 170 164 191 175 210 200 218 206 227 244 251 232 265 271 317 296 315 329 326 342 328 299 297 323 260 257 277 260 252 237 230 245 186 159 185 173 175 149 107 96 91 63 71 65 49 37 45 24 40 25 19 18 13 12 16 6 1 4 3 1 0 0 0 0 0 0 0 0 0 0 0 0 0 0 0 0 0 0 1 0 0 0 0 0 0 0 0 0
0 0 0 0 0 0 0 0 0 0 0 0 0 0 0 0 0 0 0 0 0 0 99 103 115 115 90 114 126 146 165 173 185 184 208 202 198 202 253 227 253 246 241 267 248 253 266 275 311 309 338 335 354 373 336 332 396 448 429 420 461 489 479 490 519 571 505 482 478 498 478 452 443 487 415 301 319 317 282 211 191 173 190 159 140 125 98 110 76 88 71 59 54 61 33 29 21 11 9 4 10 2 2 1 1 1 0 0 0 0 0 0 0 0 0 0 0 0 0 0 0 0 0 0 0 0 0 0 0 0
0 0 0 0 0 0 0 0 0 0 0 0 0 0 0 0 0 0 0 0 0 0 670 670 704 663 712 755 772 799 836 880 840 874 830 974 917 860 984 961 1036 1014 1074 1076 1065 1113 1194 1228 1337 1497 1609 1473 1507 1543 1494 1548 1634 1670 1656 1772 1638 1637 1700 1704 1582 1645 1598 1488 1469 1442 1429 1355 1433 1529 1322 1040 1059 1031 991 855 791 752 664 654 566 502 458 387 373 291 249 241 199 146 119 105 84 61 38 34 13 11 8 5 5 1 1 0 2 0 0 0 0 0 0 0 0 0 0 0 0 0 0 0 0 0 0 0 0 0
0 0 0 0 0 0 0 0 0 0 0 0 0 0 0 0 0 0 0 0 0 0 33 34 34 35 39 27 52 41 38 46 37 42 38 46 39 53 43 54 49 47 66 55 58 64 62 86 85 75 85 75 88 96 85 93 95 100 125 103 97 115 137 124 144 133 155 133 138 139 123 131 150 154 108 109 93 104 115 89 75 66 74 55 60 50 44 57 39 35 26 24 31 15 8 17 9 6 7 5 3 5 1 0 1 0 0 0 0 0 0 0 0 0 0 0 0 0 0 0 0 0 0 0 0 0 0 0 0 0
0 0 0 0 0 0 0 0 0 0 0 0 0 0 0 0 0 0 0 0 0 0 210 200 201 198 205 193 221 207 221 222 206 233 219 246 256 232 267 252 278 266 294 325 288 330 317 405 350 451 470 433 425 445 443 462 522 524 499 468 485 466 500 464 491 437 485 458 496 434 456 407 414 451 407 325 352 313 311 287 251 220 219 230 186 165 151 138 107 96 100 66 76 54 35 38 28 21 17 5 6 7 3 3 2 0 0 0 0 0 0 0 0 1 0 0 0 0 0 0 0 0 0 0 0 0 0 0 0 0
0 0 0 0 0 0 0 0 0 0 0 0 0 0 0 0 0 0 0 0 0 0 195 246 199 209 207 173 214 242 207 244 251 251 251 228 257 262 262 248 248 264 254 278 255 275 273 298 320 332 348 317 353 336 355 361 399 444 407 474 429 432 446 463 439 463 440 454 433 406 409 389 450 481 370 329 308 326 284 260 221 198 198 167 165 161 138 133 108 100 97 82 52 43 56 28 27 15 9 7 7 6 2 1 1 1 0 1 0 0 0 0 0 0 0 0 0 0 0 0 0 0 0 0 0 0 0 0 0 0
0 0 0 0 0 0 0 0 0 0 0 0 0 0 0 0 0 0 0 0 0 1 2239 2924 2595 2746 2789 2927 3036 3234 3483 3522 3424 3398 3271 3128 3006 2910 2941 2750 2664 2626 2491 2491 2356 2367 2282 2343 2380 2536 2767 2448 2346 2436 2258 2405 2536 2643 2689 2733 2638 2496 2581 2679 2649 2608 2577 2489 2517 2411 2244 2202 2082 2119 1899 1472 1406 1422 1268 1108 983 920 790 767 643 633 566 486 454 458 422 345 303 292 251 212 171 125 98 92 56 47 34 13 7 3 1 3 3 0 0 0 0 0 0 0 0 0 0 0 0 0 0 0 0 0 0 0 0 0
0 0 0 0 0 0 0 0 0 0 0 0 0 0 0 0 0 0 0 0 0 0 179 229 225 249 270 278 272 281 271 320 289 305 262 269 258 282 275 327 308 349 309 339 311 319 297 317 335 424 409 373 390 418 417 456 511 494 520 529 531 519 571 534 568 566 595 569 542 518 487 478 470 467 382 364 322 338 281 256 231 212 213 213 161 170 156 141 124 88 100 74 78 58 59 36 26 29 9 13 9 6 4 1 4 1 2 0 0 0 0 0 0 0 0 0 0 0 0 0 0 0 0 0 0 0 0 0 0 0
0 0 0 0 0 0 0 0 0 0 0 0 0 0 0 0 0 0 1 0 0 4 2318 2550 2319 2395 2262 2202 2333 2431 2524 2509 2512 2536 2398 2475 2429 2422 2402 2393 2459 2439 2502 2556 2424 2488 2631 2708 2820 3141 3358 3183 3213 3133 3240 3224 3413 3654 3744 3702 3669 3567 3661 3535 3596 3474 3406 3242 3206 3291 2964 2976 3008 3098 2612 2170 2053 2055 2001 1691 1626 1435 1387 1270 1125 1150 978 909 814 761 663 549 480 445 369 281 218 182 122 98 62 50 27 21 13 4 6 3 2 1 0 0 1 0 0 0 0 0 0 0 321 0 0 0 0 0 0 0 0 0
0 0 0 0 0 0 0 0 0 0 0 0 0 0 0 0 0 0 0 0 1 0 288 345 295 319 333 345 345 373 388 382 413 422 405 418 447 454 465 480 495 465 446 464 482 502 530 524 565 646 679 658 665 644 642 665 726 724 696 798 760 747 693 655 665 658 695 649 630 597 565 549 559 580 499 420 388 383 382 284 230 255 232 196 192 152 135 108 133 97 75 68 66 44 44 29 17 16 16 15 9 7 3 2 1 1 0 0 0 1 0 0 0 0 0 0 0 0 0 0 0 0 0 0 0 0 0 0 0 0
0 0 0 0 0 0 0 0 0 0 0 0 0 0 0 0 0 0 0 0 0 2 868 996 887 936 1009 1054 1126 1185 1266 1314 1291 1387 1401 1352 1260 1299 1470 1393 1371 1426 1466 1587 1439 1568 1685 1771 1927 2044 2032 2009 1944 1922 1983 1935 2077 2118 2004 2111 2114 1995 1989 1991 2044 1970 1878 1779 1789 1787 1696 1630 1636 1801 1552 1233 1183 1233 1108 959 855 777 736 700 628 601 571 460 408 361 311 274 205 192 148 117 96 67 51 36 21 11 7 10 3 2 2 1 0 0 0 0 0 0 0 0 0 0 0 0 0 0 0 0 0 0 0 0 0 0
0 0 0 0 0 0 0 0 0 0 0 0 0 0 0 0 0 0 0 0 0 0 49 45 38 49 51 44 60 41 50 55 45 60 66 64 52 74 70 62 59 68 54 57 72 66 71 62 78 107 100 107 116 104 112 114 103 128 148 152 124 138 135 116 116 122 130 121 87 86 96 92 114 88 109 64 77 81 73 57 51 50 47 43 33 27 29 29 20 21 22 20 10 17 7 8 9 2 5 0 3 1 0 0 1 0 1 0 0 0 0 0 0 0 0 0 0 0 0 0 0 0 0 0 0 0 0 0 0 0
0 0 0 0 0 0 0 0 0 0 0 0 0 0 0 0 0 0 0 0 0 0 36 42 35 43 38 33 52 47 38 57 41 47 38 56 56 52 53 58 49 55 62 64 51 46 51 46 52 70 74 61 73 78 62 97 98 72 70 98 87 75 86 77 71 99 102 87 77 89 87 94 95 101 73 72 62 73 71 56 47 52 42 39 51 39 42 28 27 16 19 12 12 10 10 9 7 3 4 4 4 2 0 0 0 1 0 0 0 0 0 0 0 0 0 0 0 0 0 0 0 0 0 0 0 0 0 0 0 0
0 0 0 0 0 0 0 0 0 0 0 0 0 0 0 0 0 0 0 0 0 0 249 269 235 258 270 276 307 305 326 355 340 352 345 360 351 357 377 361 383 373 420 441 396 440 464 490 483 536 623 585 547 586 585 601 661 668 640 644 653 663 611 634 576 498 581 532 535 525 487 550 490 451 415 352 340 359 326 241 239 188 216 197 166 148 132 132 102 106 79 67 63 52 35 27 27 17 13 11 8 6 2 2 3 3 4 1 0 0 0 0 0 0 0 0 0 0 0 0 2 0 0 0 0 0 0 0 0 0
0 0 0 0 0 0 0 0 0 0 0 0 0 0 0 0 0 0 0 0 0 0 79 107 97 99 131 132 122 118 123 123 126 130 118 109 136 135 117 122 131 131 144 127 128 139 149 131 166 174 200 193 188 184 196 226 216 220 226 230 216 215 235 258 245 222 219 219 224 225 217 212 217 200 157 170 144 155 134 124 111 92 84 72 66 62 67 61 58 36 40 40 32 35 19 19 15 11 8 3 7 2 2 1 0 1 0 0 0 0 0 0 0 0 0 0 0 0 0 0 0 0 0 0 0 0 0 0 0 0
0 0 0 0 0 0 0 0 0 0 0 0 0 0 0 0 0 0 0 0 0 0 103 78 81 80 97 86 91 92 86 91 90 84 81 89 96 111 101 87 98 95 106 99 117 114 120 109 112 142 122 117 116 132 118 139 160 172 191 190 169 192 187 203 211 163 190 199 188 164 171 165 150 159 141 97 115 116 88 89 75 78 67 68 57 65 53 31 41 38 24 22 20 16 13 16 16 6 4 3 2 5 1 0 0 0 0 0 0 0 0 0 0 0 0 0 0 0 0 0 0 0 0 0 0 0 0 0 0 0
0 0 0 0 0 0 0 0 0 0 0 0 0 0 0 0 0 0 0 0 1 2 3817 4067 3961 3956 3682 3531 3504 3399 3499 3608 3506 3543 3505 3451 3401 3573 3757 3671 3835 3798 3724 3918 3792 3808 3830 3994 4279 4747 5130 4902 4702 4618 4599 4777 4888 5177 4954 5007 4967 4892 4967 4821 4820 4534 4626 4527 4313 4222 4073 3990 3952 4065 3631 3009 2647 2851 2707 2286 2097 1898 1848 1615 1505 1481 1291 1073 1054 895 815 776 686 612 429 351 308 199 166 122 87 46 34 29 21 5 9 2 3 0 0 1 1 0 1 0 0 0 0 0 657 0 0 0 0 0 0 0 0 0
0 0 0 0 0 0 0 0 0 0 0 0 0 0 0 0 0 0 0 0 0 0 191 223 221 188 241 279 280 268 314 320 325 259 259 292 282 269 325 328 328 326 309 310 322 300 324 342 372 372 402 420 387 421 416 500 524 502 525 577 523 557 561 559 541 554 578 556 530 495 508 481 457 479 409 310 333 305 307 256 278 252 223 195 187 204 179 132 136 112 99 108 89 66 62 42 28 24 26 16 18 5 7 3 1 0 0 1 2 0 0 0 0 0 0 0 0 0 0 0 57 0 0 0 0 0 0 0 0 0
0 0 0 0 0 0 0 0 0 0 0 0 0 0 0 0 0 0 0 0 0 0 514 525 508 477 502 488 551 548 646 647 695 679 679 719 750 764 813 763 744 763 750 811 745 723 846 866 882 944 927 927 956 934 940 997 1075 1038 964 948 969 959 916 945 878 815 857 881 782 791 788 758 728 767 665 535 526 553 476 458 388 335 340 299 286 242 233 182 143 120 120 104 90 72 49 48 31 23 19 11 13 12 4 4 3 0 0 1 0 0 0 0 0 0 0 0 0 0 0 0 1 0 0 0 0 0 0 0 0 0
0 0 0 0 0 0 0 0 0 0 0 0 0 0 0 0 0 0 0 0 0 0 250 258 284 238 286 275 274 311 318 339 333 352 336 350 362 390 367 365 367 358 393 375 367 395 427 394 432 524 495 506 520 547 530 528 625 610 605 640 663 631 688 675 679 685 685 693 685 725 650 635 715 775 629 583 510 562 484 488 412 372 362 335 309 293 219 218 205 189 118 118 99 93 82 52 47 37 25 30 15 8 5 1 0 1 1 0 0 0 0 0 0 0 0 0 0 0 0 0 0 0 0 0 0 0 0 0 0 0
0 0 0 0 0 0 0 0 0 0 0 0 0 0 0 0 0 0 0 0 0 0 411 445 433 428 423 468 486 548 579 584 587 595 625 659 666 687 703 661 687 687 677 758 747 734 736 793 809 890 928 986 932 916 929 954 1031 1027 1172 1117 1128 1168 1104 1214 1232 1217 1285 1287 1338 1373 1327 1349 1382 1538 1374 1064 1164 1151 1125 996 858 802 725 631 613 585 536 401 438 400 360 284 249 277 186 150 119 104 93 52 40 20 11 14 9 6 0 0 2 1 0 0 0 0 0 0 0 0 0 0 73 0 0 0 0 0 0 0 0 0
0 0 0 0 0 0 0 0 0 0 0 0 0 0 0 0 0 0 0 0 0 0 97 77 79 94 96 92 100 110 119 144 122 110 134 116 110 131 138 140 132 135 123 143 132 113 124 117 142 124 155 150 144 162 163 205 180 189 207 193 245 244 226 275 255 221 244 251 220 224 189 188 183 188 162 162 160 137 144 97 93 101 99 87 76 69 62 62 69 51 32 37 38 35 29 16 12 16 7 6 5 3 1 1 2 0 0 0 1 0 0 0 0 0 0 0 0 0 0 1 1 0 0 0 0 0 0 0 0 0
0 0 0 0 0 0 0 0 0 0 0 0 0 0 0 0 0 0 0 0 0 0 193 215 180 166 207 190 205 274 255 319 284 257 309 315 313 328 354 298 337 375 332 369 295 330 332 301 372 392 399 353 366 332 352 407 428 409 403 422 394 397 414 417 370 347 314 332 328 286 301 256 250 229 205 178 148 148 144 115 113 111 94 89 84 71 64 36 52 35 28 32 26 19 23 14 8 9 5 5 2 3 0 1 1 0 0 0 0 1 0 0 0 0 0 0 0 0 0 0 0 0 0 0 0 0 0 0 0 0
0 0 0 0 0 0 0 0 0 0 0 0 0 0 0 0 0 0 0 0 0 0 15 13 13 14 21 14 20 21 17 25 14 19 23 21 25 24 21 30 19 23 23 28 29 25 36 30 30 35 45 36 33 37 42 35 32 43 51 52 48 47 63 62 76 53 60 75 69 62 55 63 45 64 37 40 42 35 30 26 26 24 16 24 19 17 19 18 13 8 5 6 5 5 3 3 3 1 3 0 0 0 0 1 0 0 0 0 0 0 0 0 0 0 0 0 0 0 0 0 0 0 0 0 0 0 0 0 0 0
0 0 0 0 0 0 0 0 0 0 0 0 0 0 0 0 0 0 0 0 0 1 795 795 752 789 772 823 814 811 926 937 945 956 915 1033 1058 1065 1160 1202 1229 1211 1247 1376 1332 1327 1484 1560 1607 1872 1955 1827 1806 1736 1849 1817 1885 1973 1907 1978 1791 1790 1771 1753 1612 1526 1522 1453 1448 1442 1392 1445 1409 1534 1309 1015 1033 1037 977 825 709 689 639 566 531 534 453 348 341 268 243 226 191 157 116 93 86 42 54 32 20 15 4 6 0 2 0 1 1 0 0 0 0 0 1 0 0 0 0 0 0 0 0 0 0 0 0 0 0 0
0 0 0 0 0 0 0 0 0 0 0 0 0 0 0 0 0 0 0 1 0 0 93 107 116 107 104 105 125 110 108 121 124 114 135 129 145 147 146 147 178 167 183 184 176 144 184 186 207 215 206 213 223 209 240 224 297 292 255 334 297 303 302 296 319 284 341 370 359 345 317 347 337 359 295 234 255 238 236 204 178 184 170 138 136 119 85 79 74 71 69 53 45 37 29 22 21 15 9 13 4 3 3 2 2 0 1 0 0 0 0 0 0 0 0 0 0 0 0 0 0 0 0 0 0 0 0 0 0 0
0 0 0 0 0 0 0 0 0 0 0 0 0 0 0 0 0 0 0 0 0 0 574 495 412 382 295 248 193 203 194 198 191 180 181 193 184 199 229 212 226 178 235 202 202 210 251 197 266 233 266 301 231 247 268 248 281 330 290 298 334 363 310 328 321 340 355 364 340 363 374 375 392 394 354 272 270 299 259 213 172 186 181 150 115 114 103 82 80 68 61 56 38 36 35 17 18 17 12 9 7 3 3 3 3 1 0 0 0 0 0 0 0 0 0 0 0 0 0 0 0 0 0 0 0 0 0 0 0 0
0 0 0 0 0 0 0 0 0 0 0 0 0 0 0 0 0 0 0 0 1 0 1000 1005 951 957 960 980 981 1049 1233 1248 1263 1256 1310 1336 1305 1405 1443 1490 1588 1561 1640 1729 1673 1730 1778 1793 1931 2157 2229 2076 2043 1908 1836 1956 1983 1943 1984 1902 1824 1802 1754 1688 1607 1532 1557 1551 1535 1467 1287 1369 1347 1427 1216 1044 1007 973 853 730 683 581 572 513 418 379 314 250 242 208 186 154 151 111 90 66 48 46 33 26 14 7 6 4 2 0 0 2 1 0 0 0 0 0 0 0 0 0 0 0 11 0 0 0 0 0 0 0 0 0
0 0 0 0 0 0 0 0 0 0 0 0 0 0 0 0 0 0 0 0 0 0 30 40 30 33 38 39 41 40 48 65 50 53 48 63 58 62 63 62 72 63 68 61 60 49 60 59 68 79 69 75 86 90 86 103 125 115 108 134 118 99 138 134 147 147 106 131 126 117 99 95 117 103 109 73 71 61 64 55 71 52 52 39 47 53 40 26 30 27 24 12 19 10 9 11 5 8 4 4 6 3 1 2 0 0 1 0 0 0 0 0 0 0 0 0 0 0 0 0 0 0 0 0 0 0 0 0 0 0
0 0 0 0 0 0 0 0 0 0 0 0 0 0 0 0 0 0 0 0 0 0 296 277 263 274 309 302 296 291 369 303 351 309 357 327 311 317 367 350 349 357 343 376 339 308 348 354 411 453 490 437 430 465 467 486 548 527 536 525 537 530 521 561 515 524 516 501 491 513 451 442 437 494 403 347 368 357 352 286 238 221 209 196 182 140 159 139 128 92 98 80 74 62 41 38 26 13 18 15 6 9 4 2 2 0 3 0 0 0 0 0 0 0 0 0 0 0 0 0 0 0 0 0 0 0 0 0 0 0
0 0 0 0 0 0 0 0 0 0 0 0 0 0 0 0 0 0 0 0 0 0 241 235 253 238 271 267 277 274 279 295 299 307 327 287 292 306 298 344 310 306 333 309 338 348 372 418 361 379 444 404 404 433 441 466 528 570 598 624 539 585 593 604 597 595 630 578 535 575 493 538 532 518 461 410 413 367 331 311 270 250 240 253 211 228 199 164 150 136 105 117 76 80 60 51 40 32 16 12 8 9 7 4 5 1 0 1 1 0 0 0 0 0 0 0 0 0 0 0 0 0 0 0 0 0 0 0 0 0
0 0 0 0 0 0 0 0 0 0 0 0 0 0 0 0 0 0 0 0 0 0 293 346 358 349 377 350 352 393 457 451 522 483 480 509 515 581 569 504 544 626 675 684 657 643 692 705 836 938 914 887 866 836 845 846 962 966 939 986 894 864 925 937 867 890 827 817 829 820 765 816 748 888 747 563 565 565 522 469 422 386 322 256 258 223 228 184 165 132 131 90 83 73 54 42 31 36 15 15 7 4 7 1 2 1 0 0 0 0 0 0 0 0 0 0 0 0 0 0 0 0 0 0 0 0 0 0 0 0
0 0 0 0 0 0 0 0 0 0 0 0 0 0 0 0 0 0 0 0 0 0 142 149 109 106 133 125 151 135 141 154 167 136 170 195 161 180 172 200 193 191 161 180 186 191 198 213 186 263 280 217 241 260 227 260 287 315 311 332 320 360 398 344 376 417 418 407 467 474 412 426 449 491 421 401 410 375 361 313 305 287 235 211 210 178 186 157 114 123 109 89 75 55 54 42 38 22 17 14 7 7 6 5 2 0 0 0 0 0 0 0 0 0 0 0 0 0 0 0 0 0 0 0 0 0 0 0 0 0
0 0 0 0 0 0 0 0 0 0 0 0 0 0 0 0 0 0 0 0 0 0 146 150 150 120 120 106 111 112 131 107 143 164 152 151 157 142 149 158 167 143 138 184 156 163 191 184 183 200 200 187 190 211 187 192 222 218 227 224 261 205 263 241 252 222 251 288 234 235 219 230 258 236 224 174 164 176 151 131 126 102 94 89 85 70 69 58 55 37 39 25 21 26 25 9 6 8 7 7 4 2 2 1 0 1 0 0 0 0 0 0 0 0 0 0 0 0 0 0 0 0 0 0 0 0 0 0 0 0
0 0 0 0 0 0 0 0 0 0 0 0 0 0 0 0 0 0 0 0 0 0 84 99 84 106 119 129 111 116 117 136 114 129 146 139 121 129 131 148 135 127 126 153 130 135 148 163 159 180 215 192 186 203 215 218 232 240 220 232 243 267 248 279 299 282 270 265 290 255 258 234 266 263 251 191 166 208 159 137 131 111 129 119 114 104 94 85 68 53 53 51 32 30 28 18 16 15 12 6 7 1 1 1 1 1 0 0 0 0 0 0 0 0 0 0 0 0 0 1 0 0 0 0 0 0 0 0 0 0
0 0 0 0 0 0 0 0 0 0 0 0 0 0 0 0 0 0 0 0 0 0 186 179 173 179 209 169 189 186 204 214 211 201 201 205 227 215 248 273 220 271 272 289 272 274 327 338 343 350 354 366 337 355 361 389 393 387 458 438 444 437 412 454 469 473 442 451 425 439 427 407 432 406 384 314 299 284 287 245 221 212 182 176 135 162 126 120 95 81 78 57 53 44 34 23 25 15 16 12 3 1 4 1 1 1 0 1 0 0 0 0 0 0 0 0 0 0 0 0 0 0 0 0 0 0 0 0 0 0
0 0 0 0 0 0 0 0 0 0 0 0 0 0 0 0 0 0 0 0 0 0 60 82 90 85 82 76 83 73 73 93 97 76 82 76 87 88 76 113 88 104 107 121 102 134 118 121 131 147 128 139 158 134 143 142 157 158 143 155 169 173 176 185 173 158 202 195 206 204 187 204 220 185 185 143 149 124 132 114 108 98 94 76 87 72 67 46 62 51 53 30 28 27 27 11 14 5 5 7 3 1 1 0 0 0 0 0 0 0 0 0 0 0 0 0 0 0 0 0 0 0 0 0 0 0 0 0 0 0
0 0 0 0 0 0 0 0 0 0 0 0 0 0 0 0 0 0 2 0 0 2 5429 5896 5918 5927 6616 7111 7393 7688 8536 8426 8375 8031 8372 8270 8173 8391 8602 8497 8525 8427 8352 8610 8349 8441 8788 8572 9091 9967 10242 9703 9340 9065 8797 8778 9351 9178 9048 8998 8779 8484 8408 8193 7842 7283 7301 6974 6745 6452 6113 5925 6070 6031 5114 4316 4053 4030 3613 3324 2789 2510 2224 2193 1982 1886 1586 1457 1368 1196 1172 914 852 701 535 437 399 321 208 176 121 75 44 30 23 15 5 1 3 1 1 0 1 1 0 0 0 0 0 0 0 0 0 0 0 0 0 0 0 0
0 0 0 0 0 0 0 0 0 0 0 0 0 0 0 0 0 0 0 1 0 1 64 63 58 70 68 83 69 78 76 94 91 71 72 97 87 90 87 94 79 90 88 108 115 78 114 118 107 127 120 136 150 149 139 156 147 170 165 156 163 177 173 179 174 189 185 187 187 200 177 158 178 196 155 151 172 136 149 103 105 83 90 75 78 63 65 58 34 46 45 34 30 24 21 15 8 9 7 3 3 2 0 3 0 2 0 0 0 0 0 0 0 0 0 0 0 0 0 0 0 0 0 0 0 0 0 0 0 0
0 0 0 0 0 0 0 0 0 0 0 0 0 0 0 0 0 0 0 1 0 0 108 103 98 114 97 115 113 104 122 127 114 122 106 113 116 110 115 117 129 135 151 156 150 152 147 172 188 178 204 207 207 193 198 214 222 245 249 239 258 270 288 306 279 313 298 300 238 274 270 260 243 264 242 159 177 226 157 148 137 113 112 97 91 82 76 66 64 54 36 36 35 34 20 18 19 9 14 2 4 3 3 1 1 2 0 0 0 0 0 0 0 0 0 0 0 0 0 0 0 0 0 0 0 0 0 0 0 0
0 0 0 0 0 0 0 0 0 0 0 0 0 0 0 0 0 0 0 0 0 0 394 396 363 323 354 353 352 420 442 525 508 548 554 577 590 618 627 606 580 604 589 605 632 615 715 652 724 752 792 733 747 780 800 805 895 910 961 941 958 929 920 1015 963 1016 1040 970 1032 968 979 1014 1144 1177 1029 882 905 960 891 788 670 682 629 607 516 528 479 389 421 344 335 260 242 201 173 165 133 96 48 60 30 18 16 10 8 6 2 1 0 1 0 0 0 0 0 0 0 0 0 0 0 0 0 0 0 0 0 0 0 0
0 0 0 0 0 0 0 0 0 0 0 0 0 0 0 0 0 0 0 0 1 0 481 532 531 537 523 535 553 575 627 586 608 567 594 528 590 592 609 625 640 675 618 715 662 714 719 796 753 842 929 880 854 880 900 927 972 1008 1075 1075 1009 988 953 1043 1035 1035 1054 995 982 965 862 950 891 931 813 670 634 615 568 493 436 435 372 340 277 280 254 214 192 181 170 146 121 102 100 70 51 31 29 29 9 10 8 2 6 5 1 1 0 0 0 0 0 0 0 0 0 0 0 0 2 0 0 0 0 0 0 0 0 0
0 0 0 0 0 0 0 0 0 0 0 0 0 0 0 0 0 0 0 0 1 0 58 61 69 57 84 93 91 93 99 113 88 86 93 89 109 97 89 89 104 104 90 90 112 88 106 123 124 157 126 149 152 145 177 170 209 206 235 223 207 243 241 276 262 242 257 250 243 223 197 204 226 199 195 159 197 164 159 126 123 122 98 102 79 72 82 75 49 55 55 34 38 28 30 18 23 15 8 4 8 6 1 1 1 0 1 0 0 0 1 0 0 0 0 0 0 0 0 0 1 0 0 0 0 0 0 0 0 0
0 0 0 0 0 0 0 0 0 0 0 0 0 0 0 0 0 0 0 0 0 0 536 578 562 622 677 697 738 791 846 911 949 974 988 991 954 936 999 970 899 929 924 936 850 821 867 950 935 1066 1014 965 976 1036 1008 1049 1221 1236 1267 1259 1315 1193 1253 1291 1203 1119 1144 1055 1071 972 980 922 886 887 776 589 584 622 534 549 470 423 436 384 373 312 268 230 231 168 147 136 98 97 60 51 44 28 18 17 8 2 2 1 3 1 1 0 0 0 0 0 0 0 0 0 0 0 0 0 1 0 0 0 0 0 0 0 0 0
0 0 0 0 0 0 0 0 0 0 0 0 0 0 0 0 0 0 0 0 1 0 1924 2162 2126 2006 1565 1281 1287 1270 1251 1228 1219 1163 1150 1076 1019 1061 1061 1062 1087 1068 1156 1107 1155 1060 1186 1106 1162 1260 1441 1389 1378 1300 1306 1391 1339 1419 1384 1363 1419 1343 1392 1385 1402 1349 1433 1376 1340 1272 1205 1198 1062 1096 938 826 770 721 643 552 522 416 395 376 332 329 310 241 228 196 180 183 147 110 101 85 80 59 46 32 23 17 13 4 4 6 1 1 1 1 1 0 0 0 0 0 0 0 0 0 1 0 0 0 0 0 0 0 0 0
0 0 0 0 0 0 0 0 0 0 0 0 0 0 0 0 0 0 0 0 0 0 32 41 39 40 53 33 39 59 45 66 55 46 64 62 64 77 61 76 55 57 55 60 60 60 67 59 60 89 102 76 95 97 95 93 115 126 147 153 150 171 185 171 172 195 186 158 190 184 186 204 199 205 177 136 122 151 138 103 112 94 93 80 67 52 61 63 49 45 42 37 24 29 11 9 6 4 3 2 2 4 0 1 1 0 0 0 0 0 0 0 0 0 0 0 0 0 0 0 0 0 0 0 0 0 0 0 0 0
0 0 0 0 0 0 0 0 0 0 0 0 0 0 0 0 0 0 0 0 0 0 164 169 205 195 191 181 214 219 225 201 228 226 220 207 233 244 262 248 267 275 296 318 312 326 329 303 349 384 374 332 402 359 374 431 422 438 491 474 532 499 532 567 547 596 537 541 633 546 566 548 581 607 540 489 420 466 421 365 313 279 264 244 215 163 149 140 169 134 99 90 71 62 50 37 37 19 19 12 8 9 3 1 1 1 0 0 0 0 0 0 0 0 1 0 0 0 0 10 0 0 0 0 0 0 0 0 0 0
0 0 0 0 0 0 0 0 0 0 0 0 0 0 0 0 0 0 0 0 0 0 190 208 163 185 197 170 177 178 207 199 222 229 214 212 226 223 231 239 234 231 240 221 227 233 222 256 231 296 273 258 259 283 288 329 354 333 358 385 389 375 403 363 403 399 386 359 297 321 332 337 326 346 302 264 270 257 221 182 174 166 165 134 108 99 101 92 91 72 65 60 50 41 45 27 26 16 14 8 4 5 3 2 3 1 2 0 0 0 0 0 0 0 0 0 0 0 0 0 0 0 0 0 0 0 0 0 0 0
0 0 0 0 0 0 0 0 0 0 0 0 0 0 0 0 0 0 0 0 0 0 242 236 238 236 229 221 238 258 258 290 293 315 335 363 355 360 409 458 435 425 462 420 438 459 448 525 506 593 562 554 540 557 557 534 632 590 623 707 586 616 616 601 642 641 645 617 604 588 573 557 560 589 500 414 428 410 373 304 270 235 253 205 183 166 173 144 126 101 111 78 68 52 51 43 26 18 13 8 8 7 1 5 0 0 0 0 0 0 0 0 0 0 0 0 0 0 0 0 0 0 0 0 0 0 0 0 0 0
0 0 0 0 0 0 0 0 0 0 0 0 0 0 0 0 0 0 0 0 0 1 37 43 46 38 44 42 38 43 59 61 63 68 61 66 58 62 84 64 76 81 90 83 76 61 83 60 74 92 80 94 102 112 114 114 117 130 143 114 131 148 148 159 155 153 179 166 155 135 140 149 167 176 159 132 132 153 137 124 111 75 84 94 66 72 57 34 40 44 28 20 8 21 16 12 7 7 9 2 2 1 2 0 1 0 0 0 0 0 0 0 0 0 0 0 0 0 0 0 0 0 0 0 0 0 0 0 0 0
0 0 0 0 0 0 0 0 0 0 0 0 0 0 0 0 0 0 0 0 0 0 164 188 171 191 209 227 207 193 242 260 218 233 240 236 227 220 211 240 259 264 266 250 267 282 312 299 370 409 359 368 369 330 349 383 422 438 439 472 430 455 452 470 487 474 404 429 444 386 365 387 380 379 345 288 260 255 247 211 197 163 169 177 136 119 127 111 86 79 62 58 46 47 29 25 23 7 10 10 7 5 4 2 1 0 0 0 0 0 0 0 0 0 0 0 0 0 0 0 0 0 0 0 0 0 0 0 0 0
0 0 0 0 0 0 0 0 0 0 0 0 0 0 0 0 0 0 0 0 0 0 1548 1585 1519 1513 1361 1218 1286 1227 1261 1265 1224 1257 1107 1223 1201 1221 1296 1175 1231 1270 1212 1266 1226 1170 1237 1248 1257 1372 1422 1379 1335 1322 1287 1271 1402 1336 1439 1410 1444 1413 1480 1441 1480 1437 1379 1383 1297 1330 1215 1228 1191 1201 1016 769 787 775 701 601 576 552 461 420 405 422 310 280 273 224 195 180 153 118 103 71 71 49 49 25 17 14 9 3 6 1 3 1 0 1 0 0 0 0 0 0 0 0 0 0 6 0 0 0 0 0 0 0 0 0
0 0 0 0 0 0 0 0 0 0 0 0 0 0 0 0 0 0 0 0 0 0 70 67 70 67 89 90 88 84 90 92 81 91 106 87 86 101 99 104 102 110 93 115 109 112 109 125 143 149 176 165 155 173 165 189 185 193 200 257 219 217 243 241 243 248 272 255 288 277 251 283 249 319 273 215 205 202 237 210 159 172 155 141 123 115 118 88 82 77 82 76 62 50 43 33 37 29 12 20 13 9 9 2 4 4 0 0 1 0 0 0 0 0 0 0 0 0 0 0 0 0 0 0 0 0 0 0 0 0
0 0 0 0 0 0 0 0 0 0 0 0 0 0 0 0 0 0 0 0 0 0 624 726 672 628 660 667 679 678 718 756 766 799 764 733 792 758 805 862 820 867 862 937 835 880 979 1037 1109 1183 1293 1275 1245 1313 1302 1262 1376 1395 1355 1394 1422 1391 1366 1403 1369 1284 1288 1260 1231 1211 1159 1143 1214 1290 1121 976 923 912 852 713 664 565 542 483 473 407 393 304 299 234 242 202 169 122 88 86 56 36 32 26 23 10 9 6 4 1 4 0 0 0 0 0 0 0 0 0 0 0 0 0 68 0 0 0 0 0 0 0 0 0
0 0 0 0 0 0 0 0 0 0 0 0 0 0 0 0 0 0 0 0 0 0 167 190 191 162 205 199 211 210 238 247 229 208 189 191 213 230 223 213 264 261 269 255 253 260 303 332 327 323 362 315 375 324 362 367 390 430 384 392 416 414 375 406 386 397 400 381 406 399 369 367 372 362 355 293 271 250 260 231 203 194 170 158 121 136 120 106 85 78 74 58 59 35 30 29 31 14 21 17 4 7 2 3 1 2 0 0 0 0 0 0 0 0 0 0 0 0 0 0 3 0 0 0 0 0 0 0 0 0
0 0 0 0 0 0 0 0 0 0 0 0 0 0 0 0 0 0 1 0 1 0 437 445 423 395 413 393 393 421 439 462 425 432 437 447 477 508 523 503 512 525 583 598 580 544 659 611 661 715 742 711 709 744 697 757 760 834 842 872 912 875 873 880 925 901 884 845 915 847 838 796 809 817 744 618 524 531 474 431 412 375 342 293 250 261 213 162 181 140 102 94 98 87 63 44 42 22 18 26 10 5 4 5 1 0 1 1 0 0 1 0 0 0 0 0 0 0 0 0 0 0 0 0 0 0 0 0 0 0
0 0 0 0 0 0 0 0 0 0 0 0 0 0 0 0 0 0 0 0 0 0 362 350 383 409 414 427 386 418 458 494 489 442 479 483 439 440 516 485 481 511 498 584 514 573 626 644 710 769 785 776 767 795 766 852 907 862 941 904 922 973 982 946 964 947 994 986 903 918 843 833 850 870 777 631 622 635 571 497 425 459 400 360 330 297 294 223 210 179 150 159 137 108 105 60 67 44 32 40 11 8 6 6 3 2 1 0 0 0 0 0 0 0 0 0 0 0 0 0 0 0 0 0 0 0 0 0 0 0
0 0 0 0 0 0 0 0 0 0 0 0 0 0 0 0 0 0 0 0 0 0 47 70 60 84 93 96 84 97 88 116 101 114 104 84 99 102 103 91 104 97 113 93 116 116 120 122 134 123 164 144 123 154 150 170 193 200 205 207 214 211 227 260 250 247 224 190 222 207 216 177 183 194 183 138 139 142 127 102 101 86 91 95 64 80 69 50 61 30 45 50 31 24 18 20 19 10 6 4 1 4 7 3 2 3 0 0 0 0 0 0 0 0 0 0 0 1 0 0 0 0 0 0 0 0 0 0 0 0
0 0 0 0 0 0 0 0 0 0 0 0 0 0 0 0 0 0 0 0 0 0 672 730 709 635 706 690 670 719 775 783 751 790 813 780 784 823 811 843 918 861 877 900 863 868 920 995 1069 1189 1271 1168 1198 1228 1215 1260 1361 1413 1439 1452 1412 1521 1372 1384 1371 1467 1337 1324 1313 1279 1149 1204 1255 1256 1115 829 896 930 884 738 665 592 571 487 435 400 391 306 315 306 256 218 207 158 123 99 80 65 36 34 26 21 12 8 2 6 2 1 0 0 0 0 0 0 0 0 0 0 0 0 0 0 0 0 0 0 0 0 0 0
0 0 0 0 0 0 0 0 0 0 0 0 0 0 0 0 0 0 0 0 0 0 250 250 274 277 299 260 290 309 342 303 327 290 358 354 305 337 340 338 402 384 407 436 391 429 447 421 488 562 568 575 585 595 585 545 606 612 651 648 637 624 628 658 686 641 681 642 636 661 629 607 665 658 621 456 480 477 475 388 352 315 301 271 246 199 192 175 167 118 116 99 92 74 57 40 30 27 12 15 11 3 1 3 2 1 1 0 0 0 0 0 0 0 0 0 0 0 0 0 0 0 0 0 0 0 0 0 0 0
0 0 0 0 0 0 0 0 0 0 0 0 0 0 0 0 0 0 0 0 0 1 283 278 284 234 274 259 256 250 278 305 314 287 296 269 263 328 282 318 329 363 340 386 367 402 377 408 418 451 506 436 458 480 453 479 537 522 510 538 494 556 531 561 546 567 562 556 541 489 520 482 512 509 415 390 371 387 330 266 278 270 272 221 224 194 171 148 135 116 106 90 85 51 49 21 27 20 23 11 11 8 5 4 4 1 1 0 0 1 0 0 1 0 0 1 0 0 0 0 1 0 0 0 0 0 0 0 0 0
0 0 0 0 0 0 0 0 0 0 0 0 0 0 0 0 0 0 0 0 0 0 120 109 128 150 114 137 142 173 136 132 141 131 138 132 151 150 157 155 161 161 186 178 179 197 189 198 223 226 236 212 227 240 239 244 298 281 256 294 314 310 312 312 315 271 303 286 325 332 300 299 337 264 219 211 213 219 178 169 164 108 123 126 107 96 85 76 70 59 61 53 41 29 31 20 19 18 14 8 4 7 5 1 2 1 0 0 0 0 0 0 0 0 0 0 0 0 0 0 12 0 0 0 0 0 0 0 0 0
0 0 0 0 0 0 0 0 0 0 0 0 0 0 0 0 0 0 0 0 0 0 256 284 293 332 358 313 337 381 423 368 375 391 389 442 378 375 400 399 395 403 442 421 409 402 431 498 528 567 547 571 576 538 665 597 646 630 663 643 593 634 624 626 610 606 615 611 595 603 562 558 571 628 493 433 444 432 426 357 298 287 264 247 227 224 194 154 162 136 111 84 87 71 48 49 33 20 20 11 7 6 2 2 1 0 0 0 1 0 1 0 0 0 0 0 0 0 0 0 1 0 0 0 0 0 0 0 0 0
0 0 0 0 0 0 0 0 0 0 0 0 0 0 0 0 0 0 0 0 0 0 216 213 177 218 223 209 213 195 242 233 212 205 209 247 263 264 250 253 262 270 282 293 299 307 331 349 386 462 494 434 449 453 453 505 503 521 544 543 521 488 458 554 521 532 520 482 466 451 440 417 441 454 391 328 342 349 315 266 261 227 202 199 167 177 132 123 88 107 72 74 54 37 33 25 28 8 14 7 7 1 3 2 1 2 0 0 0 0 0 0 0 0 0 0 0 0 0 0 0 0 0 0 0 0 0 0 0 0
0 0 0 0 0 0 0 0 0 0 0 0 0 0 0 0 0 0 0 0 0 0 294 331 303 299 310 321 326 317 369 352 346 338 338 321 331 382 360 367 366 367 429 449 419 473 451 517 566 561 589 603 597 619 649 672 669 663 676 702 704 610 678 624 667 695 649 659 678 669 620 626 645 711 586 473 479 507 431 382 369 329 322 313 269 257 207 200 186 139 136 109 96 94 54 58 42 31 24 21 15 6 7 7 3 3 1 1 0 0 0 1 0 0 0 0 0 0 0 0 0 0 0 0 0 0 0 0 0 0
0 0 0 0 0 0 0 0 0 0 0 0 0 0 0 0 0 0 0 0 0 0 50 56 41 50 57 43 59 59 70 53 68 71 67 74 70 82 68 69 97 73 94 70 78 95 95 103 92 111 110 102 83 110 111 94 116 122 152 135 137 147 145 139 128 150 147 142 144 109 121 126 142 141 100 101 112 93 94 85 89 66 54 57 48 45 36 30 28 24 32 16 17 12 7 4 5 4 7 1 1 0 1 0 0 0 0 0 0 0 0 0 0 0 0 0 0 0 0 0 0 0 0 0 0 0 0 0 0 0
0 0 0 0 0 0 0 0 0 0 0 0 0 0 0 0 0 0 0 0 0 0 139 151 155 131 128 136 125 162 154 163 169 194 168 176 176 177 214 183 210 187 196 215 220 225 225 213 212 234 210 237 214 240 236 253 302 289 313 330 351 348 334 375 375 399 409 416 380 446 395 404 423 453 414 372 356 398 384 313 286 281 267 247 203 193 151 140 147 112 99 97 88 94 52 42 33 29 17 9 10 6 5 2 6 1 0 0 0 0 1 0 0 0 0 0 0 0 0 0 0 0 0 0 0 0 0 0 0 0
0 0 0 0 0 0 0 0 0 0 0 0 0 0 0 0 0 0 0 0 0 0 13 12 5 9 15 14 13 11 21 18 20 19 20 19 14 19 15 27 27 19 31 19 12 24 21 14 22 25 19 26 20 28 23 31 35 39 36 40 46 43 43 40 59 42 43 37 41 39 29 33 33 38 29 26 23 23 19 28 21 22 15 17 14 25 11 7 11 9 6 8 8 2 8 1 3 2 0 2 0 1 0 1 0 0 0 0 0 0 0 0 0 0 0 0 0 0 0 0 0 0 0 0 0 0 0 0 0 0
0 0 0 0 0 0 0 0 0 0 0 0 0 0 0 0 0 0 2 0 0 2 118 158 146 156 161 161 158 158 161 174 167 160 158 171 200 199 184 187 206 202 214 252 208 225 242 262 279 250 249 253 264 266 310 278 309 298 294 324 305 327 367 374 346 372 353 426 365 365 346 342 331 319 278 262 239 235 193 177 169 138 139 127 124 128 98 92 85 57 72 58 36 32 27 16 21 11 10 8 5 5 3 0 3 0 0 0 0 0 0 0 0 0 0 0 0 0 0 0 0 0 0 0 0 0 0 0 0 0
0 0 0 0 0 0 0 0 0 0 0 0 0 0 0 0 0 0 0 0 0 0 1375 1393 1265 1128 1151 1014 983 1066 1129 1143 1128 1150 1163 1309 1331 1474 1524 1629 1748 1815 1877 1976 2087 2109 2215 2317 2536 2872 3081 2873 2795 2550 2611 2485 2604 2562 2374 2362 2298 2141 2035 1953 1863 1733 1742 1612 1585 1586 1441 1499 1554 1596 1312 1099 1134 1206 1029 870 771 688 636 470 558 415 378 330 320 230 215 175 130 132 94 67 64 40 33 22 21 6 2 3 3 2 2 0 1 0 0 0 0 0 0 0 0 0 0 0 0 0 0 0 0 0 0 0 0 0
0 0 0 0 0 0 0 0 0 0 0 0 0 0 0 0 0 0 0 0 0 0 193 187 189 197 200 227 251 231 236 281 250 244 220 215 215 249 223 246 239 250 248 245 242 255 270 290 346 351 336 360 343 349 371 371 380 394 453 402 424 384 437 444 433 453 421 437 432 409 408 377 388 370 347 303 254 307 256 225 195 183 186 164 142 149 126 100 89 86 65 54 56 57 42 28 23 23 11 16 3 3 1 3 1 0 1 0 0 0 0 0 0 0 0 0 0 0 0 0 1 0 0 0 0 0 0 0 0 0
0 0 0 0 0 0 0 0 0 0 0 0 0 0 0 0 0 0 0 0 0 3 6837 7384 7134 6889 7449 7572 7750 7913 8341 8344 8217 8378 8495 8570 8592 8787 9151 8950 9401 9510 9692 10034 9908 9986 10458 10379 10527 11328 12139 11559 10627 10398 10460 10458 10770 10549 10447 10370 10136 9719 9215 8956 8754 8267 8049 7648 7563 7091 6651 6465 6407 6834 5983 4730 4579 4556 4249 3394 3106 2657 2669 2454 2203 2032 1771 1493 1533 1364 1205 983 885 750 654 531 411 327 225 210 99 84 61 32 20 19 15 4 6 1 1 0 0 0 0 0 0 0 0 0 0 0 0 0 0 0 0 0 0 0
0 0 0 0 0 0 0 0 0 0 0 0 0 0 0 0 0 0 0 0 0 0 76 67 61 83 86 106 90 101 107 109 109 110 119 103 111 102 90 97 122 106 119 110 98 86 105 125 115 140 123 133 159 139 146 181 186 210 163 223 236 228 261 223 247 252 249 247 243 231 242 213 206 270 191 196 156 157 152 149 101 100 111 93 78 81 89 54 59 52 44 35 30 30 32 15 20 11 10 7 6 4 4 2 2 1 0 2 0 0 0 0 0 0 0 0 0 0 0 0 0 0 0 0 0 0 0 0 0 0
0 0 0 0 0 0 0 0 0 0 0 0 0 0 0 0 0 0 0 0 0 0 41 52 55 54 57 49 57 67 89 56 63 38 57 48 61 82 59 59 61 76 67 65 68 56 70 70 74 89 89 94 94 109 84 115 107 113 122 129 120 131 135 138 179 153 171 136 158 128 146 123 141 116 118 100 108 103 104 85 68 61 55 74 72 51 44 42 38 26 26 33 30 13 12 9 5 6 2 9 3 1 1 0 0 0 2 0 0 0 0 0 0 0 0 0 0 0 0 0 0 0 0 0 0 0 0 0 0 0
0 0 0 0 0 0 0 0 0 0 0 0 0 0 0 0 0 0 0 0 0 0 1318 1244 1102 1004 757 575 424 393 368 300 269 298 319 285 299 314 324 310 332 293 333 286 324 306 298 320 303 372 393 350 360 350 381 345 388 401 432 468 448 426 430 470 484 432 489 484 451 471 469 441 432 482 375 310 323 331 293 237 253 224 192 189 176 117 124 95 103 76 74 73 64 59 37 29 25 15 18 10 6 4 3 2 1 0 1 0 0 0 0 0 0 0 0 0 0 0 0 0 0 0 0 0 0 0 0 0 0 0
0 0 0 0 0 0 0 0 0 0 0 0 0 0 0 0 0 0 0 0 0 0 470 532 505 551 570 516 585 587 616 605 633 591 621 675 586 634 669 651 688 604 632 721 686 687 734 779 801 865 888 844 942 875 896 930 1096 1055 1079 1125 1064 1073 1082 1170 1096 1086 1070 1020 1067 995 911 895 914 915 774 661 639 711 571 556 498 490 472 431 420 334 315 283 239 224 197 180 133 106 93 82 48 34 34 20 11 10 6 3 1 0 0 0 0 0 0 0 0 0 0 0 0 0 0 0 0 0 0 0 0 0 0 0 0 0
0 0 0 0 0 0 0 0 0 0 0 0 0 0 0 0 0 0 0 0 0 0 266 295 283 299 285 302 300 305 301 307 294 336 326 310 355 366 320 377 404 380 389 444 405 405 474 498 524 521 588 558 536 512 561 579 665 635 623 732 633 672 670 685 665 690 675 688 699 660 611 641 654 669 617 501 516 526 461 394 362 343 334 304 262 272 213 200 161 150 124 111 84 76 55 43 28 35 18 17 12 8 6 2 1 1 0 0 0 0 0 0 0 0 0 0 0 0 0 0 0 0 0 0 0 0 0 0 0 0
0 0 0 0 0 0 0 0 0 0 0 0 0 0 0 0 0 0 0 0 1 0 400 401 429 406 419 440 422 446 486 504 469 470 464 508 515 464 482 542 498 532 509 560 519 516 529 601 614 681 633 751 670 656 710 733 803 806 772 767 812 834 796 768 750 788 813 829 767 759 705 680 666 732 632 516 483 471 515 398 343 321 321 294 257 258 231 197 170 157 121 118 98 94 66 59 54 23 26 13 16 9 6 3 2 2 0 0 1 0 0 0 0 0 0 0 0 0 0 0 0 0 0 0 0 0 0 0 0 0
0 0 0 0 0 0 0 0 0 0 0 0 0 0 0 0 0 0 0 0 0 0 168 181 154 163 176 159 183 194 201 164 191 200 184 191 174 177 188 193 223 193 193 225 215 241 249 256 286 326 375 333 369 336 360 365 429 409 433 387 418 377 374 395 377 392 340 335 349 356 302 358 336 364 290 257 230 284 271 226 222 205 168 174 131 128 125 96 90 80 66 53 44 34 35 32 11 16 11 5 7 4 1 0 1 0 0 0 0 0 0 0 0 0 0 0 0 0 0 0 0 0 0 0 0 0 0 0 0 0
