0 1 0 0 0 0 0 0 0 0 0 0 0 0 0 0 0 0 0 0 0 3 5 3 5 3 7 17 15 18 23 27 37 43 38 62 75 88 109 131 143 131 164 184 211 174 177 231 274 221 261 225 266 260 299 269 269 290 261 263 247 264 227 232 214 202 181 145 136 132 139 129 116 115 95 102 91 93 94 94 110 106 105 130 101 85 87 91 91 86 89 91 75 81 91 67 67 52 79 95 75 83 67 69 0 0 0 0 0 0 0 0 0 0 0 0 0 0 0 0 0 
1 4 0 0 0 0 0 0 0 0 0 0 0 2 0 0 1 3 3 2 6 13 15 30 37 66 72 111 139 199 199 287 364 422 479 604 699 762 864 870 1026 1226 1331 1580 1732 1737 1693 2296 2583 2482 2622 2745 2957 3033 3158 3327 3487 3699 3995 4164 4375 4494 4631 4498 4475 4366 4115 3791 3906 3897 3933 4130 3867 3483 3264 3611 3489 3338 3582 3763 3763 3919 4104 4071 3801 3820 4087 3850 3567 3521 3637 3541 3384 3145 3185 2995 2790 2889 3151 3283 3039 3127 3372 2897 1 0 0 0 0 0 0 0 0 0 0 0 0 0 0 0 0 
0 0 0 0 0 0 0 0 0 0 0 0 0 0 1 0 0 0 1 2 2 5 4 8 10 17 15 12 27 41 41 45 65 69 95 99 114 108 149 158 178 189 201 225 268 264 255 303 371 361 338 388 378 446 431 414 471 464 473 440 409 454 423 402 377 316 350 328 273 333 268 285 279 261 267 287 265 269 316 301 315 313 327 294 291 321 318 280 297 251 280 256 258 229 211 189 195 247 256 235 233 248 268 237 0 0 0 0 0 0 0 0 0 0 0 0 0 0 0 0 0 
0 1 0 0 0 0 0 0 0 0 1 0 0 0 0 0 1 0 2 1 0 2 5 5 7 18 19 21 30 36 51 68 59 87 87 110 100 137 135 158 156 198 189 218 215 263 260 338 383 397 410 417 472 453 447 484 465 488 516 513 474 514 450 471 480 447 404 344 369 344 389 386 398 337 341 363 353 363 396 375 435 467 438 431 431 482 476 440 428 440 475 449 439 434 387 425 428 406 474 542 533 516 473 344 0 0 0 0 0 0 0 0 0 0 0 0 0 0 0 0 0 
0 1 0 0 0 0 0 0 0 0 0 0 1 0 0 0 0 0 0 2 2 3 5 13 11 19 22 26 23 32 28 40 59 74 68 87 75 95 105 119 126 114 148 168 194 191 173 220 288 251 289 304 339 339 314 359 353 331 373 372 414 473 410 437 420 426 403 410 374 431 385 396 366 384 353 384 343 383 417 437 494 503 510 485 459 468 432 448 417 410 410 395 403 345 363 417 330 361 367 369 308 357 311 288 0 0 0 0 0 0 0 0 0 0 0 0 0 0 0 0 0 
1 0 0 0 0 0 0 0 0 0 0 0 0 0 0 0 0 0 0 0 0 0 5 2 2 4 5 2 8 12 12 25 13 21 23 29 27 18 27 39 35 43 28 47 41 40 38 47 46 73 74 47 53 87 65 68 69 77 72 64 77 68 77 63 48 52 35 47 47 29 40 28 42 44 39 31 25 37 18 43 42 48 41 38 50 51 39 36 35 37 44 44 37 22 31 26 29 25 32 33 33 27 26 30 0 0 0 0 0 0 0 0 0 0 0 0 0 0 0 0 0 
1 0 0 0 0 0 0 0 0 0 0 0 0 0 0 0 1 1 1 1 1 5 6 15 19 33 27 34 56 59 82 84 120 123 125 140 174 165 201 228 208 233 258 306 318 313 313 398 431 446 532 507 554 639 567 631 620 604 570 623 613 587 634 539 529 557 505 500 527 542 487 509 483 485 468 495 524 525 579 566 642 659 676 661 636 667 661 622 601 612 601 590 613 621 609 683 654 756 950 1118 1159 1079 997 605 1 0 0 0 0 0 0 0 0 0 0 0 0 0 0 0 0 
0 3 0 0 0 0 0 0 0 1 0 0 0 0 1 0 0 0 3 1 4 0 8 10 9 16 15 18 38 50 47 62 66 83 92 89 94 114 128 110 146 138 152 180 172 176 168 208 243 236 242 251 286 268 307 318 318 315 337 331 309 356 314 325 292 272 260 238 212 236 213 208 188 186 177 202 174 203 203 229 228 243 211 238 253 240 244 223 215 211 197 208 192 181 174 184 164 182 172 215 200 202 176 166 0 0 0 0 0 0 0 0 0 0 0 0 0 0 0 0 0 
0 0 0 0 0 0 0 0 0 0 0 0 0 0 0 1 0 0 0 1 0 4 1 3 5 16 15 19 20 40 45 66 70 85 80 120 106 103 129 126 152 139 188 205 230 180 176 261 321 306 301 356 377 346 373 411 422 448 439 422 416 442 445 433 388 423 376 374 327 391 350 344 365 339 318 329 290 324 320 362 333 346 344 363 364 319 327 334 286 303 327 296 264 273 256 255 234 246 274 275 243 296 290 252 0 0 0 0 0 0 0 0 0 0 0 0 0 0 0 0 0 
13 5 0 0 0 0 0 1 0 0 0 0 0 0 0 0 1 1 1 3 3 4 5 5 11 20 31 42 50 63 66 90 128 134 146 155 193 195 241 275 288 335 359 384 450 412 424 565 654 625 718 718 818 848 907 994 1028 1090 1168 1231 1248 1332 1396 1411 1382 1446 1362 1371 1275 1348 1327 1345 1312 1194 1159 1211 1228 1123 1374 1325 1288 1284 1350 1388 1246 1201 1239 1066 966 1032 954 975 814 751 764 821 798 860 1035 1041 1004 1127 1213 1014 1 0 0 0 0 0 0 0 0 0 0 0 0 0 0 0 0 
0 1 0 0 0 0 0 0 0 0 0 0 0 0 0 0 0 2 1 0 1 1 5 5 7 9 11 12 25 29 27 35 51 78 76 89 128 130 114 182 192 248 271 293 305 293 304 347 391 378 412 431 452 472 492 504 514 439 464 472 486 459 463 414 396 334 293 326 296 289 297 279 226 241 221 235 220 221 234 253 232 212 258 248 203 261 218 238 205 195 216 208 192 182 170 173 155 179 162 189 190 204 214 194 0 0 0 0 0 0 0 0 0 0 0 0 0 0 0 0 0 
3 1 0 0 0 0 0 0 0 0 0 0 0 0 0 0 0 1 1 0 0 3 1 5 4 6 14 15 21 27 27 26 31 33 36 34 49 55 64 42 62 95 62 80 94 101 79 92 100 122 131 113 144 133 152 143 162 156 134 145 138 146 148 131 131 129 114 112 101 95 96 86 91 96 80 89 110 95 105 101 116 90 122 144 81 108 101 86 97 99 85 119 86 83 89 91 81 75 82 85 76 90 74 69 0 0 0 0 0 0 0 0 0 0 0 0 0 0 0 0 0 
0 0 0 0 0 0 0 0 0 0 0 0 0 0 0 0 0 0 0 1 3 3 5 0 8 13 15 21 30 40 46 63 65 68 101 104 138 141 142 188 181 202 242 317 352 324 318 399 468 425 468 502 505 545 534 598 631 648 696 730 761 766 762 766 799 776 742 680 681 620 709 640 651 529 504 530 572 538 573 560 598 612 633 653 595 595 623 583 543 550 540 519 489 466 471 457 387 408 462 479 494 486 462 476 0 0 0 0 0 0 0 0 0 0 0 0 0 0 0 0 0 
1 2 0 0 0 0 0 0 0 0 0 0 0 0 0 0 0 1 2 1 0 7 5 16 9 28 33 25 54 65 74 81 96 116 120 158 168 163 155 201 190 204 225 266 285 262 271 354 370 354 390 453 460 472 516 520 526 549 545 575 578 614 566 591 540 487 472 521 491 496 526 542 550 487 504 530 543 563 643 687 686 666 703 650 592 651 706 699 679 685 603 587 559 539 536 516 494 494 618 663 689 675 737 528 0 0 0 0 0 0 0 0 0 0 0 0 0 0 0 0 0 
0 0 0 0 0 0 0 0 0 0 0 0 0 0 0 0 0 0 0 1 0 1 0 2 1 2 2 7 7 11 11 12 11 21 21 28 28 43 35 59 43 39 51 53 66 43 62 69 74 83 77 94 86 84 90 94 98 104 92 102 111 113 106 98 71 85 88 77 62 84 61 88 79 64 76 68 77 69 73 77 75 76 64 86 76 66 72 74 65 79 59 59 67 58 51 62 51 62 51 46 59 63 69 49 0 0 0 0 0 0 0 0 0 0 0 0 0 0 0 0 0 
1 0 0 0 0 0 0 0 0 0 0 0 0 0 0 0 0 0 0 0 0 0 1 4 2 6 3 5 6 4 9 16 17 11 17 17 13 26 26 37 33 39 47 51 72 56 62 75 98 87 97 78 114 102 101 102 114 92 95 90 87 95 81 58 66 63 46 69 58 47 59 48 45 35 42 48 42 31 54 48 60 52 51 49 43 55 57 49 34 49 47 51 35 37 37 38 28 33 31 34 23 18 28 28 0 0 0 0 0 0 0 0 0 0 0 0 0 0 0 0 0 
1 0 0 0 0 0 0 0 0 0 0 0 0 0 0 0 2 0 0 0 1 2 5 3 7 8 8 14 17 16 27 23 33 35 42 49 51 43 51 71 59 74 69 80 72 88 90 97 114 109 114 111 118 124 128 132 134 128 122 130 135 129 128 121 100 115 103 102 98 108 99 94 80 63 78 73 79 75 103 87 92 86 80 95 95 71 84 75 83 91 72 86 57 71 75 69 70 73 80 95 75 98 74 80 0 0 0 0 0 0 0 0 0 0 0 0 0 0 0 0 0 
68 31 0 1 0 0 0 0 0 0 0 0 0 0 0 0 1 0 0 0 7 5 8 12 17 17 25 36 88 81 107 127 121 173 168 186 215 290 297 357 366 422 470 565 582 509 519 667 739 770 781 787 845 868 827 859 889 909 897 890 864 854 890 796 779 752 722 622 571 604 595 600 619 523 524 505 528 500 575 646 657 682 612 577 610 629 596 568 506 491 557 582 537 469 510 471 436 449 398 534 484 504 555 428 0 0 0 0 0 0 0 0 0 0 0 0 0 0 0 0 0 
97 35 0 0 0 2 2 0 0 0 0 0 0 0 1 5 4 3 7 6 15 22 39 60 66 107 117 195 258 298 394 447 538 670 700 757 892 973 1134 1259 1313 1536 1728 1988 2163 2099 2190 2766 3179 3107 3283 3404 3713 3895 4003 4253 4484 4640 4968 5089 5327 5425 5457 5390 5339 5316 4956 4717 4521 4761 4872 5015 4624 4221 4098 4305 4212 4202 4507 4532 4790 5026 4970 4823 4791 4812 4928 4535 4292 4367 4283 4322 4077 3847 3870 3946 3758 3801 3976 4090 3847 4036 4153 3620 0 0 0 0 0 0 0 0 0 0 0 0 0 0 0 0 0 
0 3 0 0 0 0 0 0 0 0 0 0 0 0 0 0 0 0 0 2 0 2 4 1 4 4 11 7 13 21 18 30 32 30 33 46 49 54 55 65 71 72 86 91 88 108 108 111 137 143 147 150 168 199 206 193 197 208 238 221 238 221 240 240 235 241 211 213 190 240 206 227 237 203 215 228 201 215 221 233 260 225 211 254 208 233 216 214 200 190 176 187 193 166 189 160 161 136 176 196 171 181 206 197 0 0 0 0 0 0 0 0 0 0 0 0 0 0 0 0 0 
0 1 0 0 0 0 0 0 0 0 0 0 0 0 0 0 0 0 2 4 5 3 7 9 13 14 20 37 43 45 53 73 93 96 101 127 133 178 195 218 210 265 262 318 336 343 343 354 454 399 446 481 458 508 472 523 502 523 512 555 538 480 496 484 435 433 346 381 351 372 384 372 361 316 293 310 340 326 403 365 387 356 392 416 363 370 404 366 353 354 363 331 317 299 301 296 264 263 315 313 301 275 321 293 0 0 0 0 0 0 0 0 0 0 0 0 0 0 0 0 0 
1 0 0 0 0 0 0 0 0 0 0 0 0 0 0 1 0 1 1 0 2 1 3 4 6 14 9 10 18 25 25 36 27 25 49 50 51 72 60 73 74 82 91 110 95 111 105 142 146 121 139 141 159 175 167 174 202 203 212 194 181 161 162 177 143 153 140 159 111 144 99 97 108 106 82 105 95 131 149 111 112 112 134 118 116 122 103 108 115 97 103 99 81 95 93 88 83 72 96 94 102 82 86 82 0 0 0 0 0 0 0 0 0 0 0 0 0 0 0 0 0 
0 2 0 0 0 0 0 0 0 0 0 0 0 0 0 0 0 0 1 2 3 6 8 6 5 10 19 17 18 32 41 53 60 61 76 80 82 76 86 94 106 136 129 141 159 171 161 175 191 194 217 229 228 247 264 277 268 280 266 258 273 257 253 236 253 238 210 208 190 144 184 185 205 152 151 193 167 185 188 189 208 198 226 191 202 182 187 187 152 162 164 169 148 143 131 122 110 149 128 166 145 140 148 146 0 0 0 0 0 0 0 0 0 0 0 0 0 0 0 0 0 
0 1 0 0 0 0 0 0 0 0 0 0 0 0 0 0 0 0 0 0 4 3 3 10 13 19 14 36 44 52 58 64 81 83 101 120 131 133 166 158 181 176 196 196 234 199 262 275 336 275 289 302 362 329 336 361 374 370 383 396 381 432 359 359 353 313 289 252 267 265 253 247 221 210 248 245 229 223 248 246 240 240 271 250 231 241 226 235 218 222 219 251 199 183 190 192 162 166 224 183 187 217 202 186 0 0 0 0 0 0 0 0 0 0 0 0 0 0 0 0 0 
9 0 1 0 0 1 0 0 0 0 0 0 0 0 0 1 1 0 0 1 2 5 10 6 21 32 25 39 48 71 59 83 114 118 113 117 169 197 213 200 225 238 276 275 334 324 347 393 441 443 458 471 535 564 549 602 593 605 633 567 644 654 625 645 581 584 536 477 463 430 471 449 455 406 356 406 426 430 421 399 429 475 443 506 484 442 467 439 435 415 385 433 403 354 368 346 325 362 372 359 362 382 365 339 0 0 0 0 0 0 0 0 0 0 0 0 0 0 0 0 0 
28 2 0 1 0 0 0 0 0 0 0 0 0 0 0 0 0 0 0 0 0 2 0 1 3 5 3 9 7 8 9 16 13 15 22 12 25 36 37 24 38 34 50 46 46 36 49 59 74 73 76 70 74 65 75 68 77 89 80 76 78 81 87 80 68 80 42 53 47 55 57 38 52 44 48 60 49 55 57 60 55 62 61 58 64 50 54 56 51 52 55 54 49 52 53 44 41 29 30 42 33 40 42 39 0 0 0 0 0 0 0 0 0 0 0 0 0 0 0 0 0 
129 328 0 0 0 0 0 1 0 0 0 1 0 0 1 3 8 6 17 32 54 85 135 227 284 445 557 707 955 1060 1313 1525 1747 2022 2108 2396 2763 2981 3355 3634 3760 4139 4630 5430 5755 5690 6110 7573 8784 8658 9353 9817 10389 10752 11304 11729 11920 12489 12873 12954 13367 13677 13460 13459 13051 13027 12346 11531 11752 12183 12363 12897 11489 10573 10708 11026 10999 11089 12123 12520 12879 13742 14124 14600 14286 14605 15052 15093 14677 15042 15719 15910 14947 15082 15429 15275 14430 14039 13774 12600 11305 11376 11337 8841 1 0 0 0 0 0 0 0 0 0 0 0 0 0 0 0 0 
0 1 0 0 0 0 0 0 0 0 0 0 0 0 0 0 0 0 0 0 4 0 5 6 4 11 11 14 23 24 30 38 43 57 55 86 65 57 71 85 91 102 106 124 132 160 158 186 177 174 196 228 227 226 245 259 269 259 282 277 311 261 270 257 218 207 178 196 208 161 175 172 176 161 141 144 133 159 183 156 193 183 177 181 179 165 168 169 159 146 162 144 142 143 113 117 128 127 124 123 140 156 157 139 0 0 0 0 0 0 0 0 0 0 0 0 0 0 0 0 0 
0 1 1 0 0 0 0 0 0 0 0 0 0 0 0 0 0 0 0 0 3 0 4 3 6 5 8 10 17 27 16 39 39 42 52 67 83 120 93 108 149 143 154 185 202 189 194 245 256 283 284 307 344 306 304 294 290 308 326 288 289 313 310 277 275 273 217 197 152 182 204 196 182 181 178 187 156 159 173 165 183 200 224 202 191 207 165 172 161 157 194 132 135 132 117 128 123 145 129 137 138 125 157 115 0 0 0 0 0 0 0 0 0 0 0 0 0 0 0 0 0 
3 8 0 0 0 0 0 0 0 0 0 0 0 0 0 1 0 0 0 2 0 0 1 4 6 10 8 19 15 34 37 49 59 77 74 81 106 117 141 155 188 171 177 208 273 224 218 254 324 327 338 336 382 379 406 388 427 464 451 516 509 498 525 517 533 493 436 441 467 395 415 457 420 390 391 347 352 336 373 409 446 438 464 440 445 412 452 448 442 417 434 391 350 352 361 314 319 301 311 329 295 317 326 259 0 0 0 0 0 0 0 0 0 0 0 0 0 0 0 0 0 
32 4 0 0 0 0 0 0 0 0 0 2 0 0 0 0 0 1 1 2 3 1 3 7 8 16 20 34 43 51 64 87 73 98 119 123 146 168 159 217 242 271 294 366 363 354 342 429 513 558 480 559 667 631 659 643 607 638 595 625 556 589 542 516 490 476 433 415 374 366 401 379 404 357 338 342 350 375 360 413 383 388 429 381 343 386 372 325 323 311 288 336 294 287 245 263 250 224 266 286 254 303 305 260 0 0 0 0 0 0 0 0 0 0 0 0 0 0 0 0 0 
19 0 3 0 0 0 0 0 0 0 0 0 0 0 1 0 0 0 0 1 0 1 2 6 3 3 4 11 11 11 14 17 19 32 32 39 41 39 43 55 44 66 69 57 61 60 64 63 78 81 95 115 114 120 140 108 134 135 124 150 158 133 127 117 116 93 97 82 88 81 105 95 84 75 94 100 80 64 86 75 83 97 98 85 77 79 88 93 66 85 62 81 78 61 60 68 55 61 66 63 92 86 75 62 0 0 0 0 0 0 0 0 0 0 0 0 0 0 0 0 0 
0 0 0 0 0 0 0 0 0 0 0 0 0 0 0 0 0 0 0 1 0 1 2 0 3 5 8 8 14 11 14 25 30 32 31 42 51 61 62 77 76 78 98 111 106 91 118 138 166 147 152 186 208 185 183 222 244 204 241 244 218 211 222 214 184 169 163 141 178 133 154 181 165 169 136 132 146 148 144 151 145 154 153 140 164 136 144 130 124 115 128 122 109 113 93 133 113 101 92 128 110 95 121 115 0 0 0 0 0 0 0 0 0 0 0 0 0 0 0 0 0 
0 3 0 0 0 0 0 0 0 0 0 0 0 0 0 2 0 1 1 3 6 2 9 9 22 25 30 40 34 46 63 63 82 88 105 102 134 163 156 163 200 202 235 242 302 266 272 305 360 348 413 389 455 469 500 509 524 508 538 498 499 546 494 478 408 396 409 365 357 321 361 345 339 353 289 309 302 326 342 374 405 414 367 405 409 364 384 342 335 360 356 323 319 369 340 293 279 296 316 300 305 336 338 305 0 0 0 0 0 0 0 0 0 0 0 0 0 0 0 0 0 
0 0 0 0 0 0 0 0 0 0 0 0 0 0 0 0 0 0 0 0 0 1 0 0 1 1 5 2 5 12 10 13 20 4 13 11 20 19 18 21 28 22 26 32 32 46 42 48 49 47 59 49 54 73 55 62 49 69 58 53 52 45 60 60 51 49 41 38 41 36 49 51 43 37 31 36 36 32 37 33 41 36 27 33 34 36 37 36 43 26 44 40 33 23 35 33 36 37 34 43 28 46 29 25 0 0 0 0 0 0 0 0 0 0 0 0 0 0 0 0 0 
73 2 0 0 0 0 0 0 0 0 0 0 0 0 0 0 1 0 0 0 2 0 3 2 4 5 6 15 10 11 22 12 34 24 32 35 56 53 54 62 65 63 82 87 93 95 81 117 142 134 141 177 191 174 166 159 158 199 188 165 148 149 165 139 138 136 137 132 113 107 91 101 105 103 92 83 84 82 83 82 99 108 96 74 81 75 81 92 75 78 82 78 95 65 61 67 62 61 58 65 75 93 96 69 0 0 0 0 0 0 0 0 0 0 0 0 0 0 0 0 0 
0 0 0 0 0 0 0 0 0 0 0 0 0 0 0 0 0 0 0 1 4 2 2 5 4 4 9 11 15 13 16 13 27 19 26 25 23 35 36 40 48 42 45 47 44 53 50 59 75 65 69 85 101 99 100 93 99 109 110 101 100 94 87 83 68 70 62 55 58 48 57 43 45 59 45 43 57 45 47 52 42 50 57 65 59 54 62 43 34 55 39 50 53 42 40 40 38 35 38 26 42 44 41 45 0 0 0 0 0 0 0 0 0 0 0 0 0 0 0 0 0 
23 3 1 0 0 0 0 0 0 0 0 0 0 0 0 0 0 0 1 0 2 1 1 3 4 11 7 10 16 12 26 27 32 34 37 40 56 67 59 69 60 65 99 95 99 86 104 113 121 130 154 153 176 159 194 197 162 179 177 177 183 185 155 139 138 124 93 117 95 104 94 91 93 93 82 96 93 91 102 100 103 129 92 102 106 83 97 87 97 91 93 74 76 75 64 60 69 57 74 59 79 65 64 81 0 0 0 0 0 0 0 0 0 0 0 0 0 0 0 0 0 
0 0 0 0 0 0 0 0 0 0 0 0 0 0 0 0 0 1 0 0 1 1 1 0 3 1 3 3 2 4 5 9 9 9 14 6 12 20 25 24 30 21 19 27 35 29 25 32 44 47 60 60 60 53 73 70 72 66 51 81 59 45 55 59 51 40 58 43 47 34 24 28 34 34 31 27 31 23 37 31 41 41 24 32 31 35 36 39 29 31 32 25 29 32 15 29 25 16 15 16 21 19 23 20 0 0 0 0 0 0 0 0 0 0 0 0 0 0 0 0 0 
1 0 0 0 0 0 0 0 0 0 0 0 0 0 0 0 1 1 0 0 1 3 5 3 0 4 15 16 20 23 21 44 46 46 58 74 70 91 94 117 122 152 145 177 169 153 186 217 226 248 286 274 264 287 270 357 325 312 362 326 368 383 351 379 348 370 330 313 293 313 289 348 281 266 237 226 267 257 322 298 308 301 308 315 294 227 279 272 237 205 246 246 232 197 232 204 208 215 237 235 230 218 263 212 0 0 0 0 0 0 0 0 0 0 0 0 0 0 0 0 0 
0 0 0 0 0 0 0 0 0 0 0 0 0 0 1 0 0 0 1 0 0 2 2 2 4 5 6 6 6 16 13 16 18 19 22 24 27 34 26 40 34 33 34 42 41 51 40 44 50 57 49 65 68 69 73 62 77 68 69 75 59 75 76 44 55 59 58 55 50 38 55 47 62 44 36 39 46 44 51 44 49 49 49 47 45 38 48 49 57 43 41 38 40 32 42 35 30 41 26 38 40 44 34 38 0 0 0 0 0 0 0 0 0 0 0 0 0 0 0 0 0 
0 0 0 0 0 0 0 0 0 0 0 0 0 0 0 0 1 0 0 1 0 3 1 6 8 4 16 20 30 29 34 48 54 52 60 59 68 99 69 91 104 113 102 131 134 133 121 154 172 182 160 211 189 224 227 264 242 266 275 288 247 269 250 256 246 257 194 202 192 194 206 198 217 178 164 216 204 194 191 233 229 237 223 226 213 216 187 203 192 214 204 214 172 202 157 160 175 151 196 246 202 216 247 193 0 0 0 0 0 0 0 0 0 0 0 0 0 0 0 0 0 
15 0 0 0 0 0 0 0 0 0 0 0 0 0 0 0 0 2 0 2 3 1 5 13 6 18 24 15 27 43 43 55 63 89 84 104 108 137 154 148 171 195 206 227 237 241 247 275 318 298 334 309 348 359 354 369 379 421 382 402 449 440 435 438 426 396 397 381 363 335 384 403 377 380 312 333 311 318 349 332 379 361 330 341 369 336 344 326 331 363 337 290 337 307 274 288 269 273 323 309 265 280 310 262 0 0 0 0 0 0 0 0 0 0 0 0 0 0 0 0 0 
1 0 0 0 0 0 0 0 0 0 0 0 0 0 0 0 0 0 0 0 0 1 2 1 2 3 5 5 5 4 5 8 8 15 14 13 19 13 22 15 14 30 26 29 28 32 31 38 41 52 50 52 48 52 56 61 56 59 56 46 65 65 58 55 54 56 41 39 41 29 48 27 41 41 37 33 31 32 44 41 33 39 27 41 32 38 42 38 35 30 52 46 42 39 30 31 38 36 44 34 28 36 41 34 0 0 0 0 0 0 0 0 0 0 0 0 0 0 0 0 0 
0 0 0 0 0 0 0 0 0 0 0 0 0 0 0 0 0 1 1 1 0 1 3 2 4 7 4 6 13 16 9 17 22 18 20 27 33 36 42 60 54 48 46 53 54 64 58 90 86 80 84 108 105 114 109 144 121 116 112 119 112 109 106 99 109 120 95 81 85 74 76 80 85 86 61 60 61 71 65 74 92 79 74 75 91 94 91 67 78 79 73 72 64 72 64 59 68 65 71 67 63 51 61 55 0 0 0 0 0 0 0 0 0 0 0 0 0 0 0 0 0 
0 0 0 0 0 0 0 0 0 0 0 0 0 0 0 0 0 1 0 0 3 1 2 6 8 9 13 23 25 29 40 47 68 60 47 69 79 90 88 96 88 107 114 132 151 150 144 148 201 202 217 192 220 239 237 232 255 291 247 245 255 256 219 232 192 196 177 179 166 155 166 177 155 140 130 177 130 126 143 156 156 165 151 168 176 170 167 159 153 133 134 140 150 133 140 144 111 106 130 128 136 121 152 103 0 0 0 0 0 0 0 0 0 0 0 0 0 0 0 0 0 
17 0 0 0 0 0 0 0 0 0 0 0 1 0 0 0 0 0 0 0 3 2 3 1 8 5 8 18 25 25 24 43 42 61 52 53 77 86 94 97 109 106 137 148 151 153 148 191 161 202 230 251 255 278 283 302 294 271 275 301 304 298 322 276 300 241 231 224 224 200 205 228 235 193 196 227 190 191 202 201 221 222 226 189 227 194 212 204 206 208 153 201 148 162 173 150 191 163 164 186 166 175 173 176 0 0 0 0 0 0 0 0 0 0 0 0 0 0 0 0 0 
0 2 0 0 0 0 0 0 0 0 0 0 0 0 0 0 0 0 1 0 2 2 3 6 2 8 10 11 23 15 30 40 43 44 57 62 83 91 90 101 131 146 150 163 174 135 162 191 224 248 204 204 233 277 250 265 267 276 273 316 293 318 322 350 321 275 271 210 257 259 251 234 238 233 218 232 234 184 238 228 250 270 262 264 201 245 230 221 225 225 194 238 186 184 196 181 190 180 172 177 164 184 159 180 0 0 0 0 0 0 0 0 0 0 0 0 0 0 0 0 0 
0 1 0 0 0 0 1 0 0 0 0 0 0 0 0 0 0 0 1 0 2 0 5 4 6 11 18 18 37 33 56 60 66 86 89 96 95 97 156 124 160 174 175 238 217 225 213 251 318 303 330 359 356 389 397 380 457 432 430 441 424 445 401 431 392 398 359 359 335 286 317 361 311 284 223 253 276 311 315 348 330 315 367 313 322 324 317 315 302 276 289 238 259 237 254 225 213 230 232 262 262 232 266 226 1 0 0 0 0 0 0 0 0 0 0 0 0 0 0 0 0 
0 1 0 0 0 0 0 0 0 0 0 0 0 0 0 0 0 2 3 1 4 4 11 10 15 25 28 27 48 60 61 76 99 122 108 119 129 153 113 139 180 161 192 207 206 215 199 291 299 318 343 326 355 343 347 368 385 361 368 394 434 412 396 386 357 365 359 327 299 295 336 323 301 279 282 301 252 247 268 266 341 317 324 330 317 297 306 299 236 286 305 274 308 244 256 244 237 241 279 294 283 302 307 276 0 0 0 0 0 0 0 0 0 0 0 0 0 0 0 0 0 
2 0 0 0 0 0 0 0 0 0 0 0 0 0 0 0 0 0 0 0 0 0 1 6 4 3 3 10 10 21 26 25 19 27 36 35 41 41 45 47 50 56 54 66 65 68 79 78 82 107 97 90 122 110 118 110 119 117 122 118 104 113 80 116 89 97 81 75 75 74 70 69 63 62 58 56 76 57 80 77 60 78 81 67 52 69 80 61 62 63 61 62 65 57 44 45 55 38 60 56 58 53 71 58 0 0 0 0 0 0 0 0 0 0 0 0 0 0 0 0 0 
0 2 0 0 0 0 0 0 0 0 0 0 0 0 0 0 0 1 0 2 2 7 4 7 11 12 17 26 28 30 27 50 53 57 66 70 87 106 94 138 129 134 147 158 167 171 191 253 273 270 283 292 336 322 350 329 382 339 360 355 378 353 344 345 342 345 273 288 272 293 263 320 306 284 297 294 279 329 337 343 377 388 366 407 361 380 357 319 332 298 304 291 330 271 267 241 238 268 310 326 349 392 355 290 0 0 0 0 0 0 0 0 0 0 0 0 0 0 0 0 0 
1 0 0 0 0 0 0 0 0 0 0 0 0 0 0 0 0 0 0 0 2 3 8 3 3 7 8 21 16 16 30 28 36 43 44 54 47 61 87 79 84 97 92 102 117 94 125 134 124 143 140 152 177 172 180 210 185 210 214 182 219 176 157 200 195 160 176 158 124 141 130 145 152 110 109 120 126 113 114 108 133 121 126 136 120 133 116 145 136 128 117 135 117 130 133 131 123 128 147 116 130 138 168 128 0 0 0 0 0 0 0 0 0 0 0 0 0 0 0 0 0 
0 0 0 0 0 0 0 0 0 0 0 0 0 0 0 0 0 0 0 0 0 0 0 6 2 5 5 9 1 8 14 8 17 16 15 28 27 21 35 25 27 25 43 40 51 58 42 56 55 76 53 50 71 82 78 68 71 59 85 66 77 85 78 83 95 66 55 65 49 45 55 45 60 44 43 54 50 41 56 53 54 52 54 50 34 28 49 33 43 55 44 44 43 40 42 34 31 43 36 43 46 44 51 46 0 0 0 0 0 0 0 0 0 0 0 0 0 0 0 0 0 
0 1 0 0 0 0 0 0 0 0 0 0 0 0 0 0 1 1 1 3 6 10 15 26 34 59 81 80 127 150 169 244 268 319 318 384 446 477 541 568 587 635 690 840 810 817 812 1016 1140 1097 1108 1192 1289 1404 1489 1460 1433 1644 1765 1808 1814 1815 1780 1708 1669 1613 1509 1392 1394 1394 1430 1565 1405 1279 1302 1368 1474 1417 1499 1605 1633 1681 1700 1778 1707 1731 1753 1664 1616 1683 1804 1792 1729 1676 1686 1584 1619 1485 1466 1382 1233 1339 1330 1168 0 0 0 0 0 0 0 0 0 0 0 0 0 0 0 0 0 
0 0 0 0 0 0 0 0 0 0 0 0 1 1 0 1 2 6 0 3 5 4 9 24 30 24 34 57 61 95 112 127 139 147 183 205 262 282 304 332 350 382 425 472 513 486 524 569 651 714 818 756 777 821 828 879 869 819 891 873 812 836 816 763 722 658 578 560 561 542 521 558 489 426 405 421 471 482 454 502 517 562 577 576 516 528 487 509 445 470 465 462 446 417 410 391 359 378 424 478 403 404 473 397 0 0 0 0 0 0 0 0 0 0 0 0 0 0 0 0 0 
1 0 0 0 0 0 0 0 0 0 0 0 0 0 0 0 0 0 0 0 0 3 2 3 4 4 5 8 14 11 20 17 21 25 35 35 36 43 61 42 64 66 63 84 72 76 79 114 97 97 108 121 111 135 162 137 155 162 148 166 159 175 150 138 122 121 125 115 94 118 116 121 135 134 114 129 115 102 108 109 121 145 142 120 134 120 145 123 114 128 122 122 116 106 109 89 84 93 88 102 89 95 101 69 0 0 0 0 0 0 0 0 0 0 0 0 0 0 0 0 0 
58 1 0 0 0 0 0 0 0 0 0 0 0 0 0 0 0 0 0 0 1 2 2 2 3 6 15 16 17 26 33 37 46 51 49 84 95 101 137 112 124 145 174 193 189 231 187 197 280 276 318 292 340 320 346 392 377 398 392 382 407 381 394 380 344 346 309 270 264 269 258 295 261 244 200 229 229 222 264 237 275 246 249 251 231 227 226 216 241 198 187 169 164 183 152 184 134 137 150 169 172 186 173 170 0 0 0 0 0 0 0 0 0 0 0 0 0 0 0 0 0 
0 0 0 0 0 0 0 0 0 0 0 0 0 0 0 0 0 1 0 1 3 0 2 5 3 5 6 10 13 17 17 25 28 34 34 41 35 44 49 57 44 43 54 58 54 59 66 82 75 69 97 94 84 88 97 126 102 126 97 108 107 108 121 104 104 83 85 91 75 74 78 84 88 69 59 72 73 56 56 67 64 70 75 84 66 66 80 83 52 69 62 62 60 77 61 56 61 64 76 63 51 67 69 71 0 0 0 0 0 0 0 0 0 0 0 0 0 0 0 0 0 
0 4 0 0 0 0 0 0 0 1 0 0 0 0 0 0 0 2 2 3 2 3 6 4 8 8 14 23 27 42 57 67 59 65 66 94 98 110 115 110 137 138 135 178 175 168 194 194 238 262 252 243 284 299 338 344 348 309 366 324 314 354 351 335 326 311 279 265 257 245 238 270 245 231 228 222 224 228 243 234 256 283 277 282 270 274 280 247 266 225 226 246 201 201 209 174 191 189 207 233 208 211 237 198 0 0 0 0 0 0 0 0 0 0 0 0 0 0 0 0 0 
0 0 0 0 0 0 0 0 0 0 0 0 0 0 0 0 0 0 0 1 1 2 2 0 5 5 5 10 11 19 23 19 20 26 26 39 38 50 50 59 58 75 69 81 88 94 98 120 127 142 148 162 142 132 171 162 176 170 195 142 163 156 160 139 129 124 111 99 101 102 95 108 93 86 82 89 81 98 89 97 107 122 121 128 121 136 93 113 102 107 79 86 103 79 77 73 63 70 82 81 65 68 71 65 0 0 0 0 0 0 0 0 0 0 0 0 0 0 0 0 0 
36 5 0 0 0 0 1 0 0 0 0 1 0 1 1 1 6 4 3 7 19 41 87 103 143 189 262 353 416 492 580 700 802 917 990 1071 1197 1366 1415 1607 1612 1884 2001 2448 2479 2469 2634 3360 3829 3695 4108 4254 4690 4616 4772 4971 5277 5154 5326 5344 5264 5668 5391 5222 4973 5035 4698 4459 4436 4678 4688 4704 4245 4102 3968 4202 4184 4216 4450 4753 4834 5108 5502 5697 5544 5656 5811 5785 5838 5925 6079 6334 5951 5984 5941 5840 5634 5444 5444 5284 4864 4929 4548 3524 3 0 0 0 0 0 0 0 0 0 0 0 0 0 0 0 0 
75 0 0 0 0 0 0 0 0 0 0 0 0 0 0 0 0 0 0 0 0 0 1 0 1 2 3 0 0 4 2 5 14 11 7 18 7 12 14 18 21 18 14 21 29 19 30 26 29 31 47 38 29 49 46 41 53 45 43 46 40 47 44 47 50 39 34 29 33 27 32 39 19 36 34 36 19 25 52 36 42 40 37 24 46 26 39 23 34 44 36 20 22 23 15 16 21 21 20 27 25 28 33 18 0 0 0 0 0 0 0 0 0 0 0 0 0 0 0 0 0 
0 0 0 0 0 0 0 0 0 0 0 0 0 0 0 0 0 0 0 2 1 1 4 6 8 10 8 17 18 21 17 27 42 28 39 45 51 49 60 82 83 87 98 82 100 99 108 113 129 128 135 147 160 153 172 146 187 174 192 169 180 198 167 156 169 144 161 137 152 130 122 126 128 115 116 111 119 119 117 129 98 121 141 132 144 127 145 130 137 128 128 118 127 122 105 114 99 95 111 91 106 103 102 117 0 0 0 0 0 0 0 0 0 0 0 0 0 0 0 0 0 
0 0 0 0 0 0 0 0 0 0 0 0 0 0 0 0 0 1 0 0 2 6 4 2 7 7 11 8 15 17 22 27 38 41 47 64 49 46 59 66 74 78 88 104 100 99 94 116 131 122 142 144 160 154 181 178 200 189 203 191 205 186 171 175 183 169 125 142 150 140 140 124 117 113 96 120 105 117 124 110 115 129 148 118 119 152 130 115 123 119 112 102 88 101 99 93 102 74 103 111 91 113 102 95 0 0 0 0 0 0 0 0 0 0 0 0 0 0 0 0 0 
0 0 0 0 0 0 0 0 0 0 0 0 1 0 0 0 0 0 2 1 1 2 5 12 11 22 36 30 50 55 66 90 112 132 129 158 160 211 225 215 250 261 308 329 360 326 374 431 528 479 479 528 594 573 586 645 664 668 679 765 774 685 693 695 705 701 617 618 589 582 630 655 572 507 513 522 482 511 555 552 558 628 557 569 544 549 576 554 518 532 526 510 449 437 431 427 413 500 638 861 994 1077 974 718 0 0 0 0 0 0 0 0 0 0 0 0 0 0 0 0 0 
0 0 0 0 0 0 0 0 0 0 0 0 0 0 0 1 0 0 0 0 1 0 0 2 4 7 11 6 17 12 16 35 21 20 34 36 44 42 44 50 48 54 58 60 69 68 69 73 98 87 101 94 86 101 96 104 88 113 121 94 108 103 113 90 102 85 101 69 62 93 66 90 98 73 81 77 107 76 80 96 98 73 82 94 74 68 74 81 65 66 76 60 65 64 56 74 48 67 58 65 73 91 72 87 0 0 0 0 0 0 0 0 0 0 0 0 0 0 0 0 0 
27 2 0 0 0 0 0 0 0 0 0 0 0 0 0 0 0 0 1 0 1 1 3 4 1 2 7 12 14 13 9 16 27 29 26 44 47 55 46 63 62 56 73 93 84 98 79 98 117 128 128 141 141 160 154 176 186 156 181 168 189 209 164 189 179 151 183 164 152 155 145 141 136 137 140 112 135 136 130 108 144 117 105 131 118 112 119 117 93 113 123 102 91 81 68 93 95 89 108 105 92 98 98 87 0 0 0 0 0 0 0 0 0 0 0 0 0 0 0 0 0 
2 0 0 0 0 0 0 0 0 0 0 0 0 0 0 1 0 1 4 4 9 12 26 25 53 79 100 141 174 229 272 297 358 412 473 487 638 645 691 868 785 926 1024 1210 1300 1258 1302 1639 1935 1955 2125 2088 2325 2489 2606 2592 2576 2612 2650 2452 2437 2450 2365 2315 2129 2064 1832 1819 1731 1678 1711 1882 1691 1610 1538 1551 1693 1630 1797 1764 1840 1997 1971 1998 1930 1878 1889 1928 1877 1895 1893 1885 1725 1784 1658 1665 1611 1826 1979 2316 2191 2236 2031 1438 0 0 0 0 0 0 0 0 0 0 0 0 0 0 0 0 0 
1 4 0 0 0 0 0 0 0 0 0 0 0 0 0 0 0 0 0 0 2 4 9 13 11 31 32 46 51 62 71 108 118 134 170 212 205 262 271 327 348 407 425 524 576 613 637 746 877 798 885 940 1021 1041 1081 1081 1155 1311 1447 1485 1633 1692 1736 1847 1843 1903 1866 1749 1842 1795 1926 2063 1869 1695 1671 1710 1731 1717 1763 1841 1742 1797 1828 1788 1740 1626 1640 1586 1467 1393 1426 1283 1227 1169 1206 1193 1153 1162 1292 1438 1476 1581 1555 1441 0 0 0 0 0 0 0 0 0 0 0 0 0 0 0 0 0 
0 1 0 0 0 0 0 0 0 0 0 0 0 0 0 0 1 0 0 0 0 3 5 6 12 17 25 32 41 43 67 62 85 112 106 119 133 187 204 217 240 283 262 382 415 381 397 508 581 591 640 646 718 752 738 794 830 833 905 964 1047 1074 1125 1135 1162 1179 1085 1079 1056 1140 1153 1196 1127 1050 1035 987 1035 983 1109 1055 1114 1117 1121 1114 1055 1088 1088 1067 1022 1014 955 969 895 789 798 793 718 702 784 892 897 956 1008 860 0 0 0 0 0 0 0 0 0 0 0 0 0 0 0 0 0 
0 2 0 0 0 0 0 0 0 0 0 0 0 0 0 0 0 0 0 2 0 1 0 2 2 6 7 17 5 13 25 27 33 33 37 45 62 65 43 66 66 63 72 96 89 100 86 91 116 106 141 133 140 134 156 154 171 177 195 181 210 205 204 200 186 170 167 139 135 154 163 122 151 136 120 108 126 143 128 133 143 133 146 146 141 126 148 133 127 134 140 116 123 95 118 95 97 87 124 94 103 137 129 91 0 0 0 0 0 0 0 0 0 0 0 0 0 0 0 0 0 
0 0 0 0 0 0 0 0 0 0 0 0 0 0 0 1 0 1 3 1 2 7 11 18 26 31 52 62 95 103 171 193 230 255 286 357 383 455 515 553 557 610 654 735 728 795 821 977 1142 1187 1190 1247 1389 1415 1482 1501 1531 1604 1628 1574 1684 1711 1627 1705 1665 1621 1601 1450 1391 1405 1413 1463 1300 1236 1214 1189 1254 1237 1368 1421 1422 1550 1491 1529 1443 1465 1462 1444 1363 1417 1341 1320 1340 1277 1161 1261 1266 1323 1490 1655 1662 1573 1495 1157 1 0 0 0 0 0 0 0 0 0 0 0 0 0 0 0 0 
0 51 0 0 0 0 0 0 0 0 0 0 0 0 0 0 0 0 2 2 1 2 1 6 7 14 17 26 19 52 66 66 62 70 90 101 115 122 134 147 159 175 170 201 223 184 240 256 265 277 331 325 347 408 388 433 369 416 377 404 464 420 464 456 411 427 409 390 372 379 372 380 353 340 340 335 331 349 364 318 348 370 399 385 382 398 367 347 337 348 321 339 254 265 270 291 268 287 273 309 289 310 294 283 0 0 0 0 0 0 0 0 0 0 0 0 0 0 0 0 0 
0 8 0 0 0 1 0 0 0 0 0 0 0 0 0 0 0 0 0 0 1 2 5 4 4 5 9 8 6 12 20 33 17 27 32 40 25 36 29 32 30 40 47 50 47 49 43 59 66 68 78 93 80 110 89 88 93 98 112 84 110 88 96 107 65 71 68 63 70 69 79 60 71 60 63 73 73 70 89 67 78 92 88 84 83 72 91 79 67 72 68 64 61 74 78 76 84 84 116 121 148 139 102 69 0 0 0 0 0 0 0 0 0 0 0 0 0 0 0 0 0 
0 0 0 0 0 0 0 0 0 0 0 0 0 0 0 0 0 0 0 1 1 0 1 1 3 5 4 17 8 14 16 14 28 31 23 32 37 39 38 44 52 46 54 59 58 45 76 91 106 82 98 92 106 97 115 99 137 107 112 112 115 117 110 107 96 118 100 94 85 88 72 64 68 75 63 66 73 76 87 73 75 85 98 84 74 74 75 76 77 71 63 59 59 66 60 71 59 59 56 64 74 70 74 55 0 0 0 0 0 0 0 0 0 0 0 0 0 0 0 0 0 
1 0 0 0 1 0 0 0 0 0 0 0 0 0 0 0 0 0 2 3 1 2 0 3 4 9 5 12 20 20 29 39 36 46 58 60 83 87 100 100 124 125 148 174 172 197 180 202 239 229 241 253 285 293 320 297 285 297 346 332 288 309 303 317 285 274 256 201 199 215 206 182 193 175 169 180 190 162 200 204 179 214 212 219 187 185 186 160 184 166 181 174 172 135 141 153 135 137 151 150 167 162 189 158 0 0 0 0 0 0 0 0 0 0 0 0 0 0 0 0 0 
4 0 0 0 0 0 0 0 0 0 0 0 0 0 0 0 0 0 1 0 1 1 3 3 3 3 5 8 3 7 6 9 12 21 15 22 15 17 18 22 17 15 29 33 23 27 23 28 31 34 28 29 34 42 41 65 43 37 39 42 41 45 31 41 44 42 28 26 33 19 27 21 33 19 26 24 28 18 15 18 27 26 27 27 25 21 20 16 23 18 24 22 19 21 20 26 23 24 23 19 20 24 15 19 0 0 0 0 0 0 0 0 0 0 0 0 0 0 0 0 0 
0 0 0 0 0 0 0 0 0 0 0 0 0 0 0 0 0 0 0 2 0 1 3 6 7 6 14 11 20 19 23 36 39 38 50 45 75 73 102 104 112 133 137 131 172 157 171 194 246 225 252 245 263 231 229 304 298 273 321 264 305 310 284 319 279 277 257 239 230 211 212 213 202 193 174 176 173 156 180 192 206 197 196 187 195 201 215 208 178 199 184 176 187 162 153 152 136 130 157 140 141 147 160 155 0 0 0 0 0 0 0 0 0 0 0 0 0 0 0 0 0 
0 0 0 0 0 0 0 0 0 0 0 0 0 0 0 0 1 0 1 1 1 5 2 3 3 6 7 13 15 21 29 31 39 37 36 50 56 57 69 78 64 86 86 106 108 103 116 110 136 127 130 175 163 155 141 154 158 166 171 148 155 167 167 159 138 110 114 102 114 111 89 117 113 120 115 97 102 99 125 124 115 122 121 120 103 95 109 132 108 110 93 114 113 107 100 103 86 95 101 100 96 82 86 99 0 0 0 0 0 0 0 0 0 0 0 0 0 0 0 0 0 
0 0 0 0 0 0 0 0 0 0 0 0 0 0 0 0 0 0 0 2 0 3 3 2 6 7 16 16 24 19 21 26 32 40 31 33 53 70 59 62 79 75 92 96 98 116 90 118 175 156 206 158 203 198 203 199 210 242 226 223 215 224 211 202 215 224 199 161 162 170 175 184 172 150 144 156 173 169 174 175 181 190 176 189 166 166 169 155 146 151 132 147 150 124 123 132 101 127 146 153 133 153 145 120 0 0 0 0 0 0 0 0 0 0 0 0 0 0 0 0 0 
25 5 0 0 0 0 0 0 0 0 0 0 0 0 0 0 3 1 5 6 9 19 26 34 61 74 104 120 167 199 244 297 371 429 420 478 577 684 737 893 931 1032 1149 1340 1402 1407 1531 1865 2176 2137 2183 2278 2556 2497 2560 2612 2856 2988 3221 3237 3385 3557 3359 3568 3405 3398 3301 3185 3136 3205 3207 3281 2982 2699 2662 2826 2770 2709 2822 2832 2925 3113 3175 3093 2835 2834 2833 2705 2495 2533 2382 2377 2177 2146 2160 2156 2143 2239 2455 2519 2535 2523 2777 2457 0 0 0 0 0 0 0 0 0 0 0 0 0 0 0 0 0 
52 1 0 0 0 0 0 0 0 0 0 0 0 0 0 0 0 1 2 0 0 1 4 4 3 8 6 8 19 16 15 28 24 28 29 39 46 41 43 50 50 63 54 71 62 71 58 60 82 66 92 107 90 93 105 133 110 118 134 124 108 119 120 107 91 91 85 71 84 77 64 74 77 66 62 71 74 75 85 83 86 89 88 79 77 69 67 75 57 76 72 52 65 79 56 64 70 65 69 66 64 75 66 46 0 0 0 0 0 0 0 0 0 0 0 0 0 0 0 0 0 
0 0 0 0 0 0 0 0 0 0 0 0 0 0 0 0 0 0 0 0 0 1 0 0 1 5 2 1 4 9 5 16 17 6 24 20 27 25 27 28 26 25 40 29 30 36 31 60 45 46 47 59 59 61 59 97 69 86 77 79 100 89 78 86 77 61 59 58 67 57 46 67 51 48 53 45 40 46 61 56 54 73 56 58 50 53 39 48 45 50 46 35 48 34 44 51 41 43 51 60 42 58 47 40 0 0 0 0 0 0 0 0 0 0 0 0 0 0 0 0 0 
18 6 0 0 0 1 0 0 0 0 0 0 0 0 0 0 1 0 0 2 1 1 2 6 12 11 34 18 40 49 60 71 84 86 87 111 131 160 172 156 182 209 223 255 267 305 301 344 418 435 436 428 511 530 535 503 524 522 548 549 537 529 544 462 464 444 413 424 422 394 382 439 408 352 377 357 382 347 400 370 399 427 394 417 404 412 397 407 367 355 397 382 390 344 363 383 382 431 557 709 765 796 669 389 0 0 0 0 0 0 0 0 0 0 0 0 0 0 0 0 0 
8 8 0 0 0 0 0 0 0 0 0 0 0 1 0 0 0 3 0 4 3 3 8 10 24 18 32 58 67 75 100 106 132 151 187 223 258 288 323 389 427 454 493 610 661 647 686 751 1008 882 937 990 1063 1078 1103 1157 1222 1302 1380 1397 1506 1520 1539 1665 1644 1597 1532 1498 1600 1575 1628 1698 1577 1537 1485 1567 1613 1584 1739 1650 1744 1724 1802 1726 1621 1649 1590 1563 1447 1357 1365 1287 1207 1173 1118 1058 1006 1088 1091 1221 1169 1278 1492 1311 1 0 0 0 0 0 0 0 0 0 0 0 0 0 0 0 0 
0 0 0 0 0 0 0 0 0 0 0 0 0 0 0 0 0 1 0 0 0 1 2 3 2 3 10 8 10 15 8 26 17 21 33 29 32 41 42 47 47 53 73 61 63 63 62 64 95 78 87 94 91 117 113 125 138 133 128 137 128 129 127 125 113 100 88 98 87 77 81 72 86 72 68 74 77 80 82 77 66 80 88 102 113 96 108 65 87 104 66 70 62 66 64 71 55 65 81 84 76 76 61 57 0 0 0 0 0 0 0 0 0 0 0 0 0 0 0 0 0 
