0 0 0 0 0 0 0 0 0 0 0 0 0 0 0 0 0 0 0 0 0 1 1 3 3 1 4 8 9 12 17 20 24 33 28 46 44 54 71 90 108 99 126 141 139 112 118 150 163 136 150 116 126 123 148 127 126 120 115 117 122 113 100 97 78 82 59 49 46 43 54 47 45 34 32 35 22 29 33 19 30 22 16 22 14 6 12 13 8 8 3 5 8 3 6 6 0 0 0 0 0 0 0 0 0 0 0 0 0 0 0 0 0 0 0 0 0 0 0 0 0 
1 2 0 0 0 0 0 0 0 0 0 0 0 2 0 0 1 1 1 0 2 4 5 6 13 18 33 55 57 93 96 146 200 247 269 355 432 470 545 514 661 823 886 1051 1115 1133 1097 1528 1694 1581 1744 1779 1819 1874 1980 2105 2165 2255 2442 2458 2612 2688 2692 2429 2542 2496 2184 1986 1997 1912 1863 1917 1606 1432 1331 1380 1151 1091 1000 1042 873 826 824 684 500 457 405 337 257 218 208 201 167 206 270 256 0 0 0 0 0 0 0 0 0 0 0 0 0 0 0 0 0 0 0 0 0 0 0 0 0 
0 0 0 0 0 0 0 0 0 0 0 0 0 0 0 0 0 0 0 1 0 1 2 3 4 4 8 3 9 21 20 27 38 41 55 53 71 66 87 99 112 91 130 133 159 160 164 190 232 223 203 228 216 259 231 202 232 242 252 198 189 206 187 168 158 139 148 144 108 134 103 112 99 100 95 116 105 87 103 80 85 70 72 67 43 38 47 28 26 30 13 14 13 13 8 20 0 0 0 0 0 0 0 0 0 0 0 0 0 0 0 0 0 0 0 0 0 0 0 0 0 
0 0 0 0 0 0 0 0 0 0 0 0 0 0 0 0 1 0 1 0 0 0 1 2 3 6 8 8 9 14 31 39 25 47 46 56 53 90 87 89 94 128 118 131 148 163 177 203 231 246 251 252 276 249 260 266 264 272 262 278 245 235 226 215 215 199 167 131 141 135 137 149 144 139 97 116 115 105 118 90 120 94 94 75 66 60 55 40 27 41 37 22 21 17 16 16 0 0 0 0 0 0 0 0 0 0 0 0 0 0 0 0 0 0 0 0 0 0 0 0 0 
0 0 0 0 0 0 0 0 0 0 0 0 1 0 0 0 0 0 0 1 0 0 1 1 2 4 5 6 7 12 11 12 25 35 34 41 39 52 45 75 82 74 89 107 122 122 110 124 181 149 191 186 217 217 210 220 223 209 227 206 219 273 227 231 212 206 186 214 188 224 158 187 177 165 143 151 151 148 147 147 139 145 104 105 79 79 43 48 39 25 18 12 12 17 24 27 0 0 0 0 0 0 0 0 0 0 0 0 0 0 0 0 0 0 0 0 0 0 0 0 0 
1 0 0 0 0 0 0 0 0 0 0 0 0 0 0 0 0 0 0 0 0 0 2 0 0 2 2 0 4 7 4 13 4 8 16 14 17 12 19 27 20 27 20 32 27 32 25 30 31 52 49 25 35 64 39 39 40 50 43 37 37 41 44 35 32 32 18 31 27 12 22 15 19 17 17 10 9 16 12 15 12 11 17 11 12 9 5 4 1 2 2 2 1 4 0 2 0 0 0 0 0 0 0 0 0 0 0 0 0 0 0 0 0 0 0 0 0 0 0 0 0 
1 0 0 0 0 0 0 0 0 0 0 0 0 0 0 0 1 0 1 0 1 2 1 7 7 19 11 17 21 26 36 40 61 64 69 73 104 110 124 144 134 131 167 194 198 184 198 258 285 281 328 309 359 406 338 385 347 368 357 353 362 317 344 270 266 260 250 257 236 240 201 229 199 192 189 177 181 183 173 153 145 161 152 109 101 79 82 53 41 32 21 27 16 39 31 29 0 0 0 0 0 0 0 0 0 0 0 0 0 0 0 0 0 0 0 0 0 0 0 0 0 
0 2 0 0 0 0 0 0 0 0 0 0 0 0 0 0 0 0 1 1 1 0 4 1 3 8 8 2 18 18 18 26 30 34 63 51 55 69 77 72 78 89 104 109 116 117 104 134 164 157 146 155 170 177 195 203 199 203 209 196 191 219 176 193 156 144 141 142 119 113 101 98 94 86 83 91 55 75 78 73 65 65 66 43 34 34 34 36 16 13 12 9 12 12 9 14 0 0 0 0 0 0 0 0 0 0 0 0 0 0 0 0 0 0 0 0 0 0 0 0 0 
0 0 0 0 0 0 0 0 0 0 0 0 0 0 0 1 0 0 0 1 0 0 1 2 2 6 4 11 6 23 21 29 27 49 42 71 67 63 86 78 104 95 136 136 163 118 117 184 217 213 205 248 228 225 239 251 257 249 266 218 254 238 257 231 213 228 201 177 167 193 164 156 152 143 140 159 98 117 96 103 102 87 81 71 59 36 45 34 30 27 10 20 14 18 16 27 0 0 0 0 0 0 0 0 0 0 0 0 0 0 0 0 0 0 0 0 0 0 0 0 0 
12 1 0 0 0 0 0 1 0 0 0 0 0 0 0 0 1 1 0 1 0 0 1 2 1 4 9 16 13 20 28 28 65 62 57 66 94 97 116 146 141 205 223 229 249 234 247 319 356 367 416 444 440 484 541 570 596 645 707 697 718 781 837 805 803 856 740 720 701 677 633 599 549 497 473 438 400 373 424 336 258 247 215 172 154 116 97 79 45 50 32 37 37 46 48 66 0 0 0 0 0 0 0 0 0 0 0 0 0 0 0 0 0 0 0 0 0 0 0 0 0 
0 0 0 0 0 0 0 0 0 0 0 0 0 0 0 0 0 2 0 0 1 1 2 3 6 7 5 8 11 20 21 22 33 49 51 62 85 78 75 129 139 177 195 201 189 203 188 219 233 199 208 228 235 236 210 197 217 181 171 211 191 178 186 153 138 122 111 104 111 110 100 95 66 72 72 73 65 61 79 55 45 43 38 44 26 35 36 26 14 22 9 11 8 11 13 17 0 0 0 0 0 0 0 0 0 0 0 0 0 0 0 0 0 0 0 0 0 0 0 0 0 
2 0 0 0 0 0 0 0 0 0 0 0 0 0 0 0 0 0 0 0 0 1 0 1 1 0 6 5 6 13 12 10 11 18 18 15 30 35 43 23 36 62 40 51 62 68 57 62 71 81 94 62 105 78 88 104 104 98 85 93 77 86 85 79 71 71 58 54 60 53 53 34 39 45 33 37 45 31 35 30 35 36 30 33 19 28 19 10 12 9 8 9 5 1 3 6 0 0 0 0 0 0 0 0 0 0 0 0 0 0 0 0 0 0 0 0 0 0 0 0 0 
0 0 0 0 0 0 0 0 0 0 0 0 0 0 0 0 0 0 0 0 1 1 1 0 1 4 5 11 14 21 25 38 37 31 58 61 86 72 72 122 118 125 157 180 224 202 188 258 266 253 275 293 306 324 304 360 361 364 385 407 425 420 428 418 422 421 391 373 355 318 352 301 301 234 208 224 206 181 201 147 150 130 140 131 86 76 70 50 42 31 32 31 29 36 30 34 0 0 0 0 0 0 0 0 0 0 0 0 0 0 0 0 0 0 0 0 0 0 0 0 0 
1 2 0 0 0 0 0 0 0 0 0 0 0 0 0 0 0 1 1 0 0 0 0 7 2 12 10 15 28 29 29 29 43 57 62 99 105 98 94 120 119 117 137 172 184 167 172 219 228 212 234 266 251 301 320 307 302 297 321 314 316 340 302 289 272 263 221 262 221 246 239 220 205 185 184 174 154 178 185 182 161 130 126 91 60 63 52 46 35 26 18 26 29 17 31 30 0 0 0 0 0 0 0 0 0 0 0 0 0 0 0 0 0 0 0 0 0 0 0 0 0 
0 0 0 0 0 0 0 0 0 0 0 0 0 0 0 0 0 0 0 0 0 1 0 1 0 2 1 3 4 6 6 4 7 15 8 24 22 24 23 39 31 29 41 36 47 32 42 47 48 54 54 64 61 46 59 57 59 55 56 69 63 61 54 51 32 38 35 34 24 43 30 49 45 39 31 31 34 18 25 29 26 20 18 25 14 9 13 7 7 6 5 2 8 5 7 5 0 0 0 0 0 0 0 0 0 0 0 0 0 0 0 0 0 0 0 0 0 0 0 0 0 
1 0 0 0 0 0 0 0 0 0 0 0 0 0 0 0 0 0 0 0 0 0 1 1 0 2 1 2 5 2 7 8 11 7 8 12 11 20 15 24 24 27 29 38 50 40 48 52 62 49 61 40 56 55 55 55 61 52 44 37 47 45 40 27 35 32 22 32 20 20 22 19 15 11 19 16 13 7 18 10 11 11 5 5 4 8 6 8 2 2 4 3 1 3 1 3 0 0 0 0 0 0 0 0 0 0 0 0 0 0 0 0 0 0 0 0 0 0 0 0 0 
0 0 0 0 0 0 0 0 0 0 0 0 0 0 0 0 0 0 0 0 0 0 1 0 1 4 2 7 10 7 16 16 18 20 25 35 36 29 41 51 48 53 51 55 52 69 69 75 81 69 89 69 83 94 93 96 95 77 86 97 86 96 80 72 62 69 57 55 54 54 55 44 36 29 30 36 34 35 44 31 31 22 25 21 22 9 9 11 4 11 6 6 4 2 3 5 0 0 0 0 0 0 0 0 0 0 0 0 0 0 0 0 0 0 0 0 0 0 0 0 0 
67 30 0 1 0 0 0 0 0 0 0 0 0 0 0 0 0 0 0 0 6 1 3 6 6 10 11 17 41 30 50 70 78 100 97 120 128 192 189 234 235 270 327 357 347 297 309 379 414 427 434 402 430 435 410 410 386 384 400 366 390 367 435 361 330 332 308 259 229 241 222 217 238 171 206 183 168 159 169 180 161 151 124 114 100 87 76 58 40 25 43 28 24 24 25 28 0 0 0 0 0 0 0 0 0 0 0 0 0 0 0 0 0 0 0 0 0 0 0 0 0 
95 30 0 0 0 1 1 0 0 0 0 0 0 0 0 1 2 0 2 2 2 4 9 18 15 38 43 77 91 132 158 188 242 325 360 415 484 558 644 729 763 945 1079 1256 1326 1283 1344 1710 1931 1851 1998 2114 2267 2345 2429 2639 2749 2864 3036 3010 3201 3185 3193 3062 3000 2977 2717 2479 2355 2388 2434 2261 1985 1715 1563 1590 1343 1333 1242 1139 1069 946 874 665 541 505 417 316 256 252 218 228 197 241 278 294 0 0 0 0 0 0 0 0 0 0 0 0 0 0 0 0 0 0 0 0 0 0 0 0 0 
0 1 0 0 0 0 0 0 0 0 0 0 0 0 0 0 0 0 0 0 0 0 3 0 1 0 4 2 7 13 10 21 22 21 26 29 28 39 45 46 41 53 57 60 66 78 78 85 94 101 91 111 109 145 143 129 139 141 167 149 155 142 155 144 148 133 134 131 125 140 101 119 112 105 103 113 73 89 84 79 63 61 48 47 30 37 32 22 16 6 8 10 11 8 11 15 0 0 0 0 0 0 0 0 0 0 0 0 0 0 0 0 0 0 0 0 0 0 0 0 0 
0 1 0 0 0 0 0 0 0 0 0 0 0 0 0 0 0 0 1 1 3 0 3 3 3 4 7 13 20 20 19 33 40 35 51 67 77 98 107 126 140 159 176 216 223 214 215 205 278 251 278 273 258 325 256 287 270 255 259 287 281 239 234 252 214 211 170 198 154 171 156 176 143 141 119 125 124 113 122 111 124 92 95 72 65 44 49 48 39 21 15 16 12 11 13 17 0 0 0 0 0 0 0 0 0 0 0 0 0 0 0 0 0 0 0 0 0 0 0 0 0 
1 0 0 0 0 0 0 0 0 0 0 0 0 0 0 1 0 0 1 0 0 0 2 2 4 5 3 2 5 13 18 19 13 18 34 36 31 62 50 54 62 61 74 85 75 80 81 106 116 92 99 93 117 112 121 110 151 137 125 128 120 90 103 109 85 95 77 91 62 83 43 49 48 48 30 43 37 62 69 42 28 29 44 19 23 20 20 17 17 11 15 4 4 4 7 8 0 0 0 0 0 0 0 0 0 0 0 0 0 0 0 0 0 0 0 0 0 0 0 0 0 
0 0 0 0 0 0 0 0 0 0 0 0 0 0 0 0 0 0 0 1 0 1 1 2 0 5 5 9 9 15 22 23 39 32 46 50 50 51 58 65 79 97 98 88 113 113 99 111 132 119 146 153 146 143 160 180 170 158 158 139 161 136 141 135 151 128 115 118 89 73 91 99 95 63 79 71 69 82 68 70 61 52 53 42 43 27 28 23 6 12 9 5 5 3 8 8 0 0 0 0 0 0 0 0 0 0 0 0 0 0 0 0 0 0 0 0 0 0 0 0 0 
0 0 0 0 0 0 0 0 0 0 0 0 0 0 0 0 0 0 0 0 1 1 2 6 4 7 10 14 12 23 30 40 47 45 59 74 89 89 102 102 130 120 130 134 148 147 184 165 229 175 188 198 237 204 213 252 247 226 224 248 228 253 195 192 190 156 154 136 137 131 116 104 97 90 120 93 84 87 95 76 62 86 62 57 41 42 43 30 25 22 19 18 15 15 14 10 0 0 0 0 0 0 0 0 0 0 0 0 0 0 0 0 0 0 0 0 0 0 0 0 0 
9 0 1 0 0 1 0 0 0 0 0 0 0 0 0 0 1 0 0 0 0 0 1 0 6 18 5 16 17 28 26 42 64 65 73 68 97 122 136 131 146 162 185 185 222 204 220 246 286 280 304 283 329 357 337 394 366 355 392 337 369 381 351 379 312 320 287 233 264 217 236 230 186 161 154 167 157 155 146 109 128 122 103 107 88 64 69 54 39 23 16 30 18 16 19 24 0 0 0 0 0 0 0 0 0 0 0 0 0 0 0 0 0 0 0 0 0 0 0 0 0 
27 0 0 1 0 0 0 0 0 0 0 0 0 0 0 0 0 0 0 0 0 2 0 0 1 2 0 4 4 3 4 7 7 10 17 8 17 18 22 12 31 23 35 31 29 23 30 36 47 43 53 41 54 40 48 41 50 55 47 48 36 42 47 54 24 39 19 31 24 25 30 13 20 18 23 22 19 21 22 20 19 22 18 16 18 17 7 8 7 9 3 5 6 2 5 7 0 0 0 0 0 0 0 0 0 0 0 0 0 0 0 0 0 0 0 0 0 0 0 0 0 
122 290 0 0 0 0 0 1 0 0 0 0 0 0 1 1 2 2 2 15 19 28 45 59 106 157 204 294 374 450 586 675 830 969 1073 1267 1486 1652 1891 2070 2158 2404 2877 3355 3495 3464 3707 4746 5285 5231 5655 5868 6197 6401 6749 7010 6936 7202 7367 7160 7405 7414 7260 6857 6711 6595 5925 5417 5566 5514 5308 5344 4455 3928 3824 3719 3104 3059 3208 2951 2528 2635 2314 2049 1532 1328 1116 923 628 636 583 590 510 637 686 684 0 0 0 0 0 0 0 0 0 0 0 0 0 0 0 0 0 0 0 0 0 0 0 0 0 
0 0 0 0 0 0 0 0 0 0 0 0 0 0 0 0 0 0 0 0 0 0 2 3 1 6 3 10 14 15 16 22 32 39 34 53 43 39 45 59 63 71 67 94 84 107 96 127 114 121 117 142 146 133 155 148 165 148 178 167 188 155 167 147 125 117 78 107 106 91 89 97 92 74 56 60 49 60 62 50 53 49 48 42 31 30 19 14 21 9 11 8 7 8 7 18 0 0 0 0 0 0 0 0 0 0 0 0 0 0 0 0 0 0 0 0 0 0 0 0 0 
0 1 1 0 0 0 0 0 0 0 0 0 0 0 0 0 0 0 0 0 2 0 3 0 5 2 4 7 10 14 9 28 20 24 31 45 61 73 65 75 103 99 106 121 135 127 121 155 165 173 172 185 191 164 157 148 146 156 147 134 139 155 144 113 113 121 87 81 60 75 87 69 78 63 70 57 56 54 48 41 48 44 53 43 23 21 16 7 14 7 8 8 4 4 5 11 0 0 0 0 0 0 0 0 0 0 0 0 0 0 0 0 0 0 0 0 0 0 0 0 0 
2 4 0 0 0 0 0 0 0 0 0 0 0 0 0 0 0 0 0 0 0 0 1 0 4 3 3 7 8 14 19 25 26 35 37 40 51 69 88 89 107 99 113 123 161 139 130 151 200 201 212 197 224 215 211 227 252 270 232 269 273 256 285 258 266 240 207 209 196 173 171 195 175 164 155 119 142 110 111 107 118 106 100 77 82 50 62 41 32 34 28 14 16 13 21 12 0 0 0 0 0 0 0 0 0 0 0 0 0 0 0 0 0 0 0 0 0 0 0 0 0 
32 4 0 0 0 0 0 0 0 0 0 2 0 0 0 0 0 0 1 0 0 1 2 5 2 8 8 15 22 29 37 42 45 57 75 84 81 117 105 143 156 184 203 260 244 228 217 291 325 386 295 357 409 362 378 383 309 340 303 336 292 287 279 257 230 232 196 181 151 151 142 143 134 129 119 113 111 108 92 110 84 77 69 52 32 45 30 24 13 10 5 14 10 13 11 7 0 0 0 0 0 0 0 0 0 0 0 0 0 0 0 0 0 0 0 0 0 0 0 0 0 
19 0 1 0 0 0 0 0 0 0 0 0 0 0 1 0 0 0 0 1 0 1 1 3 2 2 1 7 8 7 10 8 13 19 17 24 28 31 28 37 32 37 45 36 44 41 41 45 53 50 61 70 64 80 80 68 91 90 71 99 108 77 82 65 68 45 40 43 51 40 51 45 45 41 37 39 27 16 25 25 22 29 24 19 17 14 15 12 9 11 4 1 4 7 4 5 0 0 0 0 0 0 0 0 0 0 0 0 0 0 0 0 0 0 0 0 0 0 0 0 0 
0 0 0 0 0 0 0 0 0 0 0 0 0 0 0 0 0 0 0 0 0 0 0 0 0 3 2 3 8 3 8 10 14 21 16 27 28 35 38 44 46 50 62 74 67 63 78 88 97 89 105 114 133 104 102 130 134 110 129 122 100 102 121 100 91 73 69 74 76 56 61 75 74 79 60 52 56 51 50 51 29 42 32 37 28 25 24 16 11 7 6 5 2 8 4 11 0 0 0 0 0 0 0 0 0 0 0 0 0 0 0 0 0 0 0 0 0 0 0 0 0 
0 3 0 0 0 0 0 0 0 0 0 0 0 0 0 1 0 0 0 1 0 0 2 2 9 8 12 19 19 13 30 31 46 46 70 53 75 93 97 99 139 134 164 170 203 188 181 209 222 222 266 253 293 301 349 326 341 317 326 296 305 298 255 252 236 213 222 175 175 180 179 170 168 149 129 147 119 138 118 123 114 118 105 93 71 57 49 24 20 27 19 12 13 10 10 13 0 0 0 0 0 0 0 0 0 0 0 0 0 0 0 0 0 0 0 0 0 0 0 0 0 
0 0 0 0 0 0 0 0 0 0 0 0 0 0 0 0 0 0 0 0 0 1 0 0 1 1 3 2 3 9 7 9 13 4 9 8 17 16 15 17 20 17 19 25 27 35 33 36 36 32 44 38 42 54 39 48 38 50 48 33 36 29 37 37 33 32 22 22 27 18 29 28 27 14 17 20 19 12 19 17 14 13 14 12 12 11 7 12 5 3 7 4 5 4 3 6 0 0 0 0 0 0 0 0 0 0 0 0 0 0 0 0 0 0 0 0 0 0 0 0 0 
71 2 0 0 0 0 0 0 0 0 0 0 0 0 0 0 0 0 0 0 1 0 3 1 2 2 3 5 4 4 14 11 15 14 17 22 32 38 37 42 52 44 57 58 58 65 56 78 87 87 96 117 101 101 95 97 94 124 108 90 92 73 91 73 80 66 65 76 57 51 43 53 45 40 43 38 28 23 27 19 27 23 25 19 12 12 12 7 6 4 3 6 5 4 3 5 0 0 0 0 0 0 0 0 0 0 0 0 0 0 0 0 0 0 0 0 0 0 0 0 0 
0 0 0 0 0 0 0 0 0 0 0 0 0 0 0 0 0 0 0 0 1 0 0 2 2 2 6 8 6 8 10 6 20 14 16 19 17 29 24 31 37 34 33 38 32 33 38 45 58 39 51 65 80 75 78 67 73 83 82 69 70 66 59 50 49 41 35 33 37 33 31 27 25 25 19 22 28 20 21 23 14 20 16 17 12 15 14 8 3 5 5 4 1 3 2 3 0 0 0 0 0 0 0 0 0 0 0 0 0 0 0 0 0 0 0 0 0 0 0 0 0 
21 1 1 0 0 0 0 0 0 0 0 0 0 0 0 0 0 0 1 0 2 0 0 2 2 6 2 4 8 8 18 18 21 25 26 30 37 42 42 58 39 49 75 65 69 62 64 82 77 84 103 94 99 99 118 118 91 114 99 96 111 94 82 69 63 68 43 63 46 43 40 42 38 34 28 35 33 33 43 25 26 44 32 18 24 16 20 12 9 5 11 2 3 8 2 5 0 0 0 0 0 0 0 0 0 0 0 0 0 0 0 0 0 0 0 0 0 0 0 0 0 
0 0 0 0 0 0 0 0 0 0 0 0 0 0 0 0 0 0 0 0 0 1 1 0 1 0 1 1 1 3 1 7 6 5 10 3 6 12 19 17 23 16 12 23 21 21 18 21 28 32 43 43 35 38 49 45 37 28 27 38 29 29 22 31 25 20 29 25 20 12 12 15 7 13 10 10 11 8 10 7 12 11 6 8 4 5 4 1 1 3 2 0 0 0 2 4 0 0 0 0 0 0 0 0 0 0 0 0 0 0 0 0 0 0 0 0 0 0 0 0 0 
0 0 0 0 0 0 0 0 0 0 0 0 0 0 0 0 0 0 0 0 0 0 2 1 0 3 4 11 12 12 11 24 28 27 40 51 48 66 70 84 88 103 102 118 128 99 128 156 154 170 189 175 175 186 177 220 211 209 224 193 219 228 211 208 196 200 179 174 160 160 131 155 125 127 87 97 89 89 116 85 95 74 78 66 50 41 40 35 28 21 12 11 16 15 16 16 0 0 0 0 0 0 0 0 0 0 0 0 0 0 0 0 0 0 0 0 0 0 0 0 0 
0 0 0 0 0 0 0 0 0 0 0 0 0 0 0 0 0 0 1 0 0 1 1 1 2 1 3 3 4 8 6 8 5 12 12 13 19 23 17 26 16 16 23 25 28 33 21 27 30 33 25 44 33 38 46 37 33 40 33 35 32 49 41 20 30 29 37 28 25 20 21 22 30 22 15 15 25 18 21 16 13 13 15 13 8 9 15 9 10 5 6 5 1 2 1 5 0 0 0 0 0 0 0 0 0 0 0 0 0 0 0 0 0 0 0 0 0 0 0 0 0 
0 0 0 0 0 0 0 0 0 0 0 0 0 0 0 0 0 0 0 1 0 1 0 3 5 1 9 10 9 13 14 26 22 28 29 31 38 56 39 58 63 75 60 89 83 86 72 96 113 126 109 148 123 147 152 176 178 169 179 181 152 157 156 150 157 155 113 111 121 96 113 114 107 97 70 104 73 90 74 80 79 70 60 54 48 37 27 29 16 11 12 10 8 9 4 6 0 0 0 0 0 0 0 0 0 0 0 0 0 0 0 0 0 0 0 0 0 0 0 0 0 
14 0 0 0 0 0 0 0 0 0 0 0 0 0 0 0 0 0 0 0 1 1 1 2 2 7 7 3 10 20 16 28 31 38 45 63 74 89 101 109 110 108 131 151 130 148 166 177 203 194 211 197 208 213 216 208 202 238 224 233 260 242 253 231 248 194 210 201 162 155 192 211 184 175 126 146 121 115 126 114 111 81 71 61 81 59 46 39 19 23 23 9 12 18 8 12 0 0 0 0 0 0 0 0 0 0 0 0 0 0 0 0 0 0 0 0 0 0 0 0 0 
1 0 0 0 0 0 0 0 0 0 0 0 0 0 0 0 0 0 0 0 0 0 0 0 1 2 2 0 0 2 2 6 3 10 12 10 13 10 12 12 11 22 15 22 21 23 22 27 25 36 32 32 28 25 37 30 29 29 30 22 36 29 29 24 27 19 13 18 20 11 14 11 9 22 11 13 9 10 14 11 5 10 7 6 3 10 3 6 1 1 1 4 1 1 1 1 0 0 0 0 0 0 0 0 0 0 0 0 0 0 0 0 0 0 0 0 0 0 0 0 0 
0 0 0 0 0 0 0 0 0 0 0 0 0 0 0 0 0 0 1 1 0 0 1 1 2 1 3 3 6 8 3 11 8 12 11 22 27 25 27 46 40 39 33 43 40 42 46 62 65 52 55 88 68 80 80 95 81 76 80 76 76 76 66 58 63 56 54 43 35 34 43 40 38 41 30 33 29 28 28 27 31 28 19 23 19 22 21 8 7 6 2 1 5 4 13 3 0 0 0 0 0 0 0 0 0 0 0 0 0 0 0 0 0 0 0 0 0 0 0 0 0 
0 0 0 0 0 0 0 0 0 0 0 0 0 0 0 0 0 0 0 0 1 0 0 3 3 0 7 13 17 19 22 26 39 42 33 43 61 62 65 63 64 75 83 87 113 111 104 107 150 138 162 128 161 160 164 156 174 195 171 157 175 170 135 152 103 110 104 99 91 84 91 90 80 63 51 80 54 48 64 55 58 56 37 45 34 40 38 20 17 8 11 12 8 7 5 14 0 0 0 0 0 0 0 0 0 0 0 0 0 0 0 0 0 0 0 0 0 0 0 0 0 
16 0 0 0 0 0 0 0 0 0 0 0 0 0 0 0 0 0 0 0 0 1 2 0 3 3 5 5 14 12 12 18 27 35 27 33 47 53 61 64 69 73 96 102 110 103 110 137 116 139 163 159 181 193 199 191 175 172 168 181 190 194 201 157 164 130 137 113 129 95 110 104 120 85 90 111 80 70 74 76 67 84 68 49 57 51 35 26 22 21 15 13 5 16 15 10 0 0 0 0 0 0 0 0 0 0 0 0 0 0 0 0 0 0 0 0 0 0 0 0 0 
0 0 0 0 0 0 0 0 0 0 0 0 0 0 0 0 0 0 0 0 0 0 2 1 1 3 5 4 9 6 17 20 26 30 40 38 53 56 53 64 87 94 88 99 106 84 108 118 128 157 115 126 123 161 148 145 146 157 146 159 144 158 172 167 157 109 121 96 124 114 102 92 100 85 81 87 87 57 86 66 53 70 52 58 38 37 26 16 13 14 21 12 6 12 7 12 0 0 0 0 0 0 0 0 0 0 0 0 0 0 0 0 0 0 0 0 0 0 0 0 0 
0 0 0 0 0 0 1 0 0 0 0 0 0 0 0 0 0 0 1 0 0 0 3 2 3 2 14 8 21 18 33 35 38 44 64 61 60 60 97 88 112 112 104 169 157 152 148 171 205 197 225 243 241 246 236 250 283 259 275 253 256 268 219 229 240 217 195 187 175 161 160 186 147 128 101 113 102 119 135 134 122 97 97 89 87 65 52 48 33 30 21 16 18 19 17 22 0 0 0 0 0 0 0 0 0 0 0 0 0 0 0 0 0 0 0 0 0 0 0 0 0 
0 1 0 0 0 0 0 0 0 0 0 0 0 0 0 0 0 0 0 0 2 3 5 6 10 10 16 14 24 28 30 39 55 69 59 78 77 92 78 84 111 114 139 132 129 141 129 201 184 198 236 229 222 231 226 232 227 244 240 230 246 237 228 199 196 189 178 161 143 142 158 153 122 119 112 112 90 76 62 84 91 80 76 63 56 50 45 26 19 21 12 11 14 12 9 20 0 0 0 0 0 0 0 0 0 0 0 0 0 0 0 0 0 0 0 0 0 0 0 0 0 
1 0 0 0 0 0 0 0 0 0 0 0 0 0 0 0 0 0 0 0 0 0 1 5 3 1 1 2 4 9 12 14 11 17 26 25 32 32 38 37 36 44 41 61 52 52 57 59 58 73 72 66 80 81 87 78 75 82 81 81 69 78 45 75 52 62 53 44 46 44 35 36 34 33 24 27 36 32 41 30 23 33 32 22 13 24 17 8 12 11 2 3 4 6 3 3 0 0 0 0 0 0 0 0 0 0 0 0 0 0 0 0 0 0 0 0 0 0 0 0 0 
0 0 0 0 0 0 0 0 0 0 0 0 0 0 0 0 0 0 0 0 0 0 3 3 5 4 8 7 10 11 15 24 22 28 36 42 51 69 56 79 89 82 97 113 110 115 129 159 181 160 194 180 214 212 226 207 236 218 209 219 217 223 195 177 202 194 126 150 131 141 129 146 131 117 119 110 109 119 109 98 97 101 84 66 70 47 45 32 15 25 16 11 7 13 20 17 0 0 0 0 0 0 0 0 0 0 0 0 0 0 0 0 0 0 0 0 0 0 0 0 0 
1 0 0 0 0 0 0 0 0 0 0 0 0 0 0 0 0 0 0 0 1 0 4 2 1 3 3 13 10 6 18 14 18 25 27 34 28 42 58 47 55 75 59 73 86 69 90 90 81 100 103 93 120 110 128 135 120 117 142 109 137 94 92 104 122 82 100 79 66 80 73 77 74 51 40 49 35 40 45 27 43 29 29 29 25 26 19 21 15 12 11 10 3 9 11 8 0 0 0 0 0 0 0 0 0 0 0 0 0 0 0 0 0 0 0 0 0 0 0 0 0 
0 0 0 0 0 0 0 0 0 0 0 0 0 0 0 0 0 0 0 0 0 0 0 3 0 1 2 5 0 4 4 4 11 12 10 20 20 14 26 17 18 16 31 36 33 41 30 39 39 54 33 35 52 50 58 39 47 46 52 43 45 54 47 46 54 40 30 32 26 23 26 19 23 24 19 26 20 13 11 18 16 18 11 9 5 5 9 4 5 5 2 2 7 3 8 4 0 0 0 0 0 0 0 0 0 0 0 0 0 0 0 0 0 0 0 0 0 0 0 0 0 
0 0 0 0 0 0 0 0 0 0 0 0 0 0 0 0 0 0 0 2 4 4 6 8 13 22 26 36 54 72 81 99 116 156 150 204 243 282 341 359 345 362 430 517 499 519 496 635 693 685 695 734 781 838 925 871 851 1036 1048 1062 1062 1083 1019 911 910 870 777 718 700 644 602 658 586 509 485 500 478 428 480 424 375 340 320 295 216 182 145 107 77 76 61 67 45 52 64 78 0 0 0 0 0 0 0 0 0 0 0 0 0 0 0 0 0 0 0 0 0 0 0 0 0 
0 0 0 0 0 0 0 0 0 0 0 0 1 0 0 0 1 3 0 0 1 1 6 7 12 7 8 15 23 43 50 76 60 76 106 132 170 176 206 204 215 269 295 321 358 345 367 366 438 469 529 461 441 492 473 496 462 446 467 460 473 449 397 398 374 318 286 271 260 258 230 258 189 176 162 158 160 171 140 153 147 140 126 128 89 84 78 63 41 37 31 28 17 20 23 32 0 0 0 0 0 0 0 0 0 0 0 0 0 0 0 0 0 0 0 0 0 0 0 0 0 
0 0 0 0 0 0 0 0 0 0 0 0 0 0 0 0 0 0 0 0 0 0 2 1 1 0 2 4 10 5 10 10 13 13 22 19 20 25 43 27 43 50 45 56 53 53 57 79 60 71 76 88 77 91 107 87 94 103 91 105 99 108 84 79 63 72 74 54 34 56 53 52 54 69 50 65 47 44 39 37 41 39 35 23 22 25 20 9 11 7 4 6 2 3 8 7 0 0 0 0 0 0 0 0 0 0 0 0 0 0 0 0 0 0 0 0 0 0 0 0 0 
57 0 0 0 0 0 0 0 0 0 0 0 0 0 0 0 0 0 0 0 1 0 1 1 2 2 8 10 9 15 17 24 34 33 29 60 60 66 97 67 86 95 111 117 119 151 113 114 169 171 174 159 180 179 145 196 208 197 180 183 183 172 177 161 160 162 122 140 105 123 114 111 102 93 59 73 69 59 69 67 77 52 63 51 34 32 35 22 16 9 8 11 2 8 11 11 0 0 0 0 0 0 0 0 0 0 0 0 0 0 0 0 0 0 0 0 0 0 0 0 0 
0 0 0 0 0 0 0 0 0 0 0 0 0 0 0 0 0 0 0 0 0 0 1 0 1 1 1 4 8 8 8 12 20 20 18 26 18 34 32 39 29 35 43 46 38 45 44 57 58 54 66 65 54 65 61 81 67 85 68 79 67 63 78 63 66 51 51 47 33 37 43 44 43 35 36 37 28 27 19 29 28 19 24 28 19 10 14 15 7 2 11 5 3 4 4 9 0 0 0 0 0 0 0 0 0 0 0 0 0 0 0 0 0 0 0 0 0 0 0 0 0 
0 2 0 0 0 0 0 0 0 0 0 0 0 0 0 0 0 0 1 0 0 1 1 2 4 4 5 13 11 16 28 33 32 37 37 53 64 73 66 68 90 94 94 118 115 115 126 121 147 171 172 166 186 189 209 221 221 178 242 208 185 207 216 186 170 164 139 128 131 102 121 127 102 93 104 86 85 78 73 80 66 84 72 51 47 46 33 26 26 16 10 13 10 12 15 14 0 0 0 0 0 0 0 0 0 0 0 0 0 0 0 0 0 0 0 0 0 0 0 0 0 
0 0 0 0 0 0 0 0 0 0 0 0 0 0 0 0 0 0 0 1 0 0 1 0 2 1 2 7 3 11 11 12 12 12 16 23 25 29 28 38 32 49 51 50 59 59 66 83 88 88 96 103 99 80 104 102 98 98 114 81 95 79 90 70 75 54 52 49 53 55 51 52 38 42 40 39 41 40 31 43 37 40 31 39 29 28 12 14 5 9 5 4 4 2 2 4 0 0 0 0 0 0 0 0 0 0 0 0 0 0 0 0 0 0 0 0 0 0 0 0 0 
34 0 0 0 0 0 1 0 0 0 0 0 0 1 0 1 2 0 0 1 5 18 24 34 54 75 106 136 156 222 255 313 392 472 522 568 638 759 807 971 985 1184 1264 1555 1561 1551 1643 2164 2360 2341 2616 2648 2877 2886 2862 2967 3105 3001 3098 3028 2922 3016 2863 2652 2541 2552 2273 2168 2054 2092 1984 1880 1638 1514 1426 1344 1261 1187 1183 1171 1052 1074 1025 859 737 583 508 430 301 313 297 286 233 298 315 310 0 0 0 0 0 0 0 0 0 0 0 0 0 0 0 0 0 0 0 0 0 0 0 0 0 
69 0 0 0 0 0 0 0 0 0 0 0 0 0 0 0 0 0 0 0 0 0 0 0 0 1 2 0 0 2 1 5 9 7 7 11 4 7 9 13 14 14 9 11 22 9 24 21 20 22 38 25 18 40 36 22 37 28 29 29 22 32 29 23 37 26 23 15 16 14 16 19 8 12 20 17 8 10 30 16 20 14 13 9 10 3 10 2 3 4 1 2 1 0 4 0 0 0 0 0 0 0 0 0 0 0 0 0 0 0 0 0 0 0 0 0 0 0 0 0 0 
0 0 0 0 0 0 0 0 0 0 0 0 0 0 0 0 0 0 0 1 1 0 2 0 0 3 1 1 1 2 2 8 13 6 8 11 14 15 15 25 28 27 21 25 27 24 37 45 30 41 44 40 54 39 43 43 67 54 67 57 51 54 51 44 40 32 44 34 34 31 32 23 26 38 29 31 30 19 25 26 15 20 17 20 21 5 16 9 10 6 3 7 4 1 3 8 0 0 0 0 0 0 0 0 0 0 0 0 0 0 0 0 0 0 0 0 0 0 0 0 0 
0 0 0 0 0 0 0 0 0 0 0 0 0 0 0 0 0 0 0 0 1 2 0 1 1 2 1 4 8 10 10 13 17 25 26 37 24 30 43 43 49 49 57 74 63 68 56 65 79 71 84 91 95 87 96 104 127 109 111 105 115 100 97 90 91 93 62 72 72 58 55 58 48 44 39 60 38 50 44 42 31 34 44 49 30 21 14 12 14 10 9 4 7 4 5 5 0 0 0 0 0 0 0 0 0 0 0 0 0 0 0 0 0 0 0 0 0 0 0 0 0 
0 0 0 0 0 0 0 0 0 0 0 0 1 0 0 0 0 0 0 0 0 1 3 3 3 10 11 11 24 26 29 37 60 62 75 80 88 128 128 136 164 161 199 216 219 204 238 280 306 298 284 299 347 340 357 381 376 398 390 470 411 367 400 365 387 378 331 301 293 268 281 286 246 233 203 189 154 168 183 172 116 134 107 93 58 87 68 44 41 28 31 30 21 25 20 26 0 0 0 0 0 0 0 0 0 0 0 0 0 0 0 0 0 0 0 0 0 0 0 0 0 
0 0 0 0 0 0 0 0 0 0 0 0 0 0 0 0 0 0 0 0 0 0 0 0 1 0 6 0 11 4 6 11 12 9 14 15 24 27 26 30 31 39 38 50 47 43 48 49 77 57 72 65 55 77 67 68 61 71 80 67 79 70 73 52 65 54 59 36 31 51 33 46 51 40 39 34 47 39 34 39 38 23 21 21 23 20 20 11 8 8 7 6 5 4 6 9 0 0 0 0 0 0 0 0 0 0 0 0 0 0 0 0 0 0 0 0 0 0 0 0 0 
21 1 0 0 0 0 0 0 0 0 0 0 0 0 0 0 0 0 0 0 0 0 1 2 0 2 6 3 9 3 2 8 12 19 14 26 33 26 31 40 44 41 44 65 62 67 59 71 97 88 102 102 96 108 108 118 124 112 108 112 129 128 109 121 109 94 100 99 93 82 81 69 73 65 68 49 52 51 56 34 57 39 36 32 24 25 25 14 14 12 8 6 5 8 4 8 0 0 0 0 0 0 0 0 0 0 0 0 0 0 0 0 0 0 0 0 0 0 0 0 0 
0 0 0 0 0 0 0 0 0 0 0 0 0 0 0 0 0 0 3 0 2 3 9 6 23 30 45 73 91 123 170 172 208 255 291 297 403 423 458 582 529 638 711 823 899 848 881 1096 1297 1300 1432 1374 1526 1643 1634 1620 1630 1560 1556 1404 1386 1361 1316 1239 1088 1004 891 853 846 793 772 839 748 685 631 621 607 541 569 536 497 478 434 390 281 229 212 172 160 127 97 92 78 95 104 120 0 0 0 0 0 0 0 0 0 0 0 0 0 0 0 0 0 0 0 0 0 0 0 0 0 
1 2 0 0 0 0 0 0 0 0 0 0 0 0 0 0 0 0 0 0 0 0 1 4 5 10 11 15 24 25 22 47 42 62 85 112 119 154 162 198 195 235 275 332 340 392 379 437 507 470 500 556 591 605 618 625 669 761 842 861 935 996 994 1040 1052 1111 1028 932 1023 915 962 1015 835 748 708 623 565 586 534 506 390 387 333 271 204 188 142 133 74 68 72 61 47 90 81 84 0 0 0 0 0 0 0 0 0 0 0 0 0 0 0 0 0 0 0 0 0 0 0 0 0 
0 0 0 0 0 0 0 0 0 0 0 0 0 0 0 0 0 0 0 0 0 2 3 4 7 4 5 12 11 18 30 27 45 59 54 60 73 109 118 114 136 179 163 238 241 243 213 325 361 372 371 355 402 422 425 473 478 478 516 557 609 603 644 594 628 634 565 539 562 567 522 568 480 461 435 410 367 340 357 315 274 274 219 196 166 152 126 104 65 48 38 40 32 45 49 39 0 0 0 0 0 0 0 0 0 0 0 0 0 0 0 0 0 0 0 0 0 0 0 0 0 
0 2 0 0 0 0 0 0 0 0 0 0 0 0 0 0 0 0 0 1 0 0 0 0 1 3 3 12 3 9 18 14 19 19 28 37 43 43 30 51 49 42 42 77 62 72 63 68 89 71 101 95 95 94 109 107 99 107 130 112 126 125 131 117 98 92 99 70 73 88 79 69 58 64 63 48 56 64 47 48 58 48 39 41 20 24 25 18 16 16 9 9 4 8 6 9 0 0 0 0 0 0 0 0 0 0 0 0 0 0 0 0 0 0 0 0 0 0 0 0 0 
0 0 0 0 0 0 0 0 0 0 0 0 0 0 0 1 0 0 0 0 1 3 4 11 14 15 22 34 48 61 81 119 138 152 174 219 235 284 307 333 348 361 403 465 431 482 534 612 713 747 736 770 888 889 910 907 851 981 957 919 975 977 960 963 923 895 857 778 714 742 652 647 568 531 514 478 431 446 453 411 367 403 375 298 262 231 160 139 112 78 70 71 52 63 54 90 0 0 0 0 0 0 0 0 0 0 0 0 0 0 0 0 0 0 0 0 0 0 0 0 0 
0 46 0 0 0 0 0 0 0 0 0 0 0 0 0 0 0 0 0 1 0 0 0 2 4 6 4 9 9 21 29 26 27 35 38 54 66 69 72 96 92 92 104 114 137 113 120 155 153 155 208 209 203 245 227 259 224 249 239 235 265 244 267 286 236 239 233 203 213 172 169 188 171 146 148 124 131 140 140 117 99 94 98 70 67 51 53 51 30 22 21 8 12 12 10 14 0 0 0 0 0 0 0 0 0 0 0 0 0 0 0 0 0 0 0 0 0 0 0 0 0 
0 6 0 0 0 1 0 0 0 0 0 0 0 0 0 0 0 0 0 0 0 0 2 1 1 2 2 4 4 6 10 19 7 17 16 24 17 25 18 20 25 32 38 35 31 33 32 36 56 49 54 71 63 85 67 55 70 66 80 59 77 59 71 67 38 40 44 39 42 41 43 32 46 33 31 43 40 30 43 27 29 33 33 21 25 14 24 17 8 9 7 4 1 2 6 3 0 0 0 0 0 0 0 0 0 0 0 0 0 0 0 0 0 0 0 0 0 0 0 0 0 
0 0 0 0 0 0 0 0 0 0 0 0 0 0 0 0 0 0 0 0 0 0 0 0 1 1 2 7 4 4 9 9 9 18 19 17 23 26 26 31 35 34 40 39 48 36 57 72 73 63 76 56 68 64 92 74 107 82 70 79 82 80 70 67 65 75 65 58 52 58 45 41 40 33 34 35 30 35 37 22 28 31 38 22 21 19 14 8 4 6 9 1 6 4 5 7 0 0 0 0 0 0 0 0 0 0 0 0 0 0 0 0 0 0 0 0 0 0 0 0 0 
0 0 0 0 1 0 0 0 0 0 0 0 0 0 0 0 0 0 0 0 0 2 0 1 3 6 2 6 15 12 13 17 21 29 38 35 57 63 66 74 88 83 107 131 132 135 127 146 171 156 161 170 181 182 212 174 158 171 198 194 168 161 162 176 155 133 116 112 85 101 95 93 74 80 74 68 81 50 75 72 49 71 69 61 38 34 37 16 24 21 14 11 11 8 5 9 0 0 0 0 0 0 0 0 0 0 0 0 0 0 0 0 0 0 0 0 0 0 0 0 0 
4 0 0 0 0 0 0 0 0 0 0 0 0 0 0 0 0 0 0 0 0 0 1 1 1 1 1 3 1 3 3 5 6 14 11 9 10 12 12 14 11 11 15 22 16 15 14 18 20 24 19 19 24 23 25 45 21 22 27 25 27 28 19 26 26 22 18 10 17 7 9 7 18 7 11 8 11 7 9 10 13 8 14 9 8 4 2 1 4 3 2 4 3 1 8 5 0 0 0 0 0 0 0 0 0 0 0 0 0 0 0 0 0 0 0 0 0 0 0 0 0 
0 0 0 0 0 0 0 0 0 0 0 0 0 0 0 0 0 0 0 1 0 1 0 1 5 2 6 4 9 8 12 19 18 24 32 26 48 44 66 76 75 95 86 85 116 99 112 135 148 134 171 156 177 126 153 191 170 170 173 148 170 161 157 163 152 153 124 118 107 97 114 102 87 76 75 66 62 59 60 64 62 67 50 33 39 28 32 13 10 12 6 11 5 7 11 17 0 0 0 0 0 0 0 0 0 0 0 0 0 0 0 0 0 0 0 0 0 0 0 0 0 
0 0 0 0 0 0 0 0 0 0 0 0 0 0 0 0 1 0 0 0 0 2 0 0 2 3 2 5 6 12 16 17 21 17 19 28 32 32 46 55 40 51 53 67 67 62 74 57 86 65 69 101 85 87 79 80 87 88 104 94 87 82 84 86 68 51 57 58 51 50 37 46 45 42 38 36 36 29 51 46 41 31 28 30 12 18 15 8 9 13 5 10 5 5 8 3 0 0 0 0 0 0 0 0 0 0 0 0 0 0 0 0 0 0 0 0 0 0 0 0 0 
0 0 0 0 0 0 0 0 0 0 0 0 0 0 0 0 0 0 0 1 0 2 1 0 1 3 14 10 16 12 11 15 25 25 19 23 38 49 45 44 56 57 63 68 75 87 72 89 127 118 137 117 144 137 144 151 143 171 150 151 146 154 125 115 131 125 119 81 93 97 87 110 77 73 77 72 71 77 66 66 59 51 44 54 29 29 17 22 13 14 13 10 9 7 9 11 0 0 0 0 0 0 0 0 0 0 0 0 0 0 0 0 0 0 0 0 0 0 0 0 0 
25 0 0 0 0 0 0 0 0 0 0 0 0 0 0 0 2 0 2 0 3 4 9 9 22 26 27 49 55 65 98 141 180 190 217 261 297 395 429 537 552 655 727 863 888 894 993 1231 1362 1355 1422 1405 1608 1630 1625 1649 1760 1856 2034 1947 2041 2147 1950 2038 1887 1899 1845 1725 1654 1573 1540 1513 1250 1106 994 999 855 824 787 689 619 621 546 480 356 329 247 226 148 148 142 145 139 176 207 217 0 0 0 0 0 0 0 0 0 0 0 0 0 0 0 0 0 0 0 0 0 0 0 0 0 
52 1 0 0 0 0 0 0 0 0 0 0 0 0 0 0 0 0 0 0 0 0 1 1 1 2 3 5 10 7 9 15 16 22 19 32 27 27 27 30 33 45 44 52 46 43 39 41 50 43 61 71 56 54 79 97 76 86 86 79 67 78 67 67 47 54 50 43 34 42 30 39 39 32 23 26 41 31 32 28 23 23 28 24 14 14 12 10 6 4 1 1 2 5 3 5 0 0 0 0 0 0 0 0 0 0 0 0 0 0 0 0 0 0 0 0 0 0 0 0 0 
0 0 0 0 0 0 0 0 0 0 0 0 0 0 0 0 0 0 0 0 0 0 0 0 0 1 0 0 3 8 1 12 8 2 19 15 17 18 24 17 13 21 24 23 23 26 26 43 26 28 32 35 39 44 40 59 46 63 51 52 69 61 52 53 46 43 40 35 37 32 24 36 24 18 22 19 20 16 18 12 22 19 13 15 15 7 9 6 5 3 4 0 5 1 8 2 0 0 0 0 0 0 0 0 0 0 0 0 0 0 0 0 0 0 0 0 0 0 0 0 0 
18 6 0 0 0 1 0 0 0 0 0 0 0 0 0 0 1 0 0 0 1 1 0 4 5 3 22 8 21 24 29 35 55 40 57 76 86 113 118 101 110 129 147 173 181 212 209 233 269 300 266 275 326 363 347 319 314 323 333 332 323 273 321 261 240 238 206 215 216 184 189 210 164 169 157 142 143 114 135 109 133 109 96 86 69 65 41 30 25 21 21 20 17 16 11 15 0 0 0 0 0 0 0 0 0 0 0 0 0 0 0 0 0 0 0 0 0 0 0 0 0 
8 3 0 0 0 0 0 0 0 0 0 0 0 0 0 0 0 2 0 0 1 1 3 1 6 8 12 25 29 33 48 51 73 78 110 125 151 180 186 241 257 313 309 380 413 416 407 485 617 536 549 579 590 615 630 651 700 714 804 800 858 832 838 878 950 887 823 791 847 841 745 865 768 696 665 645 603 574 583 513 472 411 396 326 247 217 171 136 86 81 74 56 47 52 62 69 0 0 0 0 0 0 0 0 0 0 0 0 0 0 0 0 0 0 0 0 0 0 0 0 0 
0 0 0 0 0 0 0 0 0 0 0 0 0 0 0 0 0 0 0 0 0 0 2 2 1 1 3 4 4 9 5 16 11 11 15 18 18 25 24 29 28 29 50 41 42 39 41 40 53 44 52 52 59 71 54 81 85 66 71 81 67 71 62 69 56 58 40 47 39 36 40 38 39 26 26 29 33 26 33 28 19 28 18 25 17 20 16 7 9 15 5 2 1 3 4 6 0 0 0 0 0 0 0 0 0 0 0 0 0 0 0 0 0 0 0 0 0 0 0 0 0 
