0 0 0 0 0 0 0 0 0 0 0 0 0 0 0 0 0 0 0 0 0 0 27 18 16 15 17 21 18 21 29 26 30 29 37 38 32 38 61 44 48 61 48 51 47 42 55 52 64 62 78 93 72 79 76 94 116 110 131 151 152 162 155 168 182 174 172 206 170 181 170 197 173 209 186 146 139 171 160 140 108 122 107 82 65 53 49 30 36 28 24 18 13 10 11 6 1 3 3 2 1 0 0 0 0 0 0 0 0 0 0 0 0 0 0 0 0 0 0 0 0 0 0 0 0 0 0 0 0 0 
0 0 0 0 0 0 0 0 0 0 0 0 0 0 0 0 0 0 0 0 0 1 981 889 761 555 582 676 613 590 794 875 960 1035 1289 1505 1515 1478 1818 2008 1911 1796 2032 1888 1925 1913 2125 1994 2146 2297 2689 2487 2596 2639 2577 2790 3121 3216 3075 3318 3341 3231 2964 2962 2734 2626 2493 2373 2265 2210 2080 2069 1909 1955 1781 1304 1346 1303 1221 1031 945 750 612 627 558 500 428 322 289 239 182 120 117 69 67 52 29 19 12 6 5 2 0 1 1 1 0 0 2 0 0 0 0 0 0 0 0 0 0 0 2 0 0 0 0 0 0 0 0 0 
0 0 0 0 0 0 0 0 0 0 0 0 0 0 0 0 0 0 0 0 0 0 63 61 60 37 46 37 54 42 57 71 91 102 105 131 126 114 137 160 147 171 149 192 154 162 177 156 152 160 170 168 197 170 197 208 187 235 250 264 296 260 286 328 316 312 290 305 331 284 288 264 285 292 232 198 196 195 164 156 128 132 116 109 80 88 65 65 49 43 32 29 26 14 7 9 5 4 3 2 2 1 1 0 0 0 0 1 0 0 0 0 0 0 0 0 0 0 0 0 0 0 0 0 0 0 0 0 0 0 
0 0 0 0 0 0 0 0 0 0 0 0 0 0 0 0 0 0 0 0 0 0 66 60 58 53 61 62 60 87 80 109 115 117 134 162 173 165 180 206 198 199 173 207 186 176 189 174 211 214 224 190 187 209 197 234 280 306 289 302 329 331 352 341 335 342 332 328 311 350 319 314 298 295 265 212 203 178 164 143 152 112 113 95 102 63 72 57 53 35 48 33 18 13 11 9 6 5 2 1 0 0 1 1 0 1 0 0 0 0 0 0 0 0 0 0 0 0 0 0 1 0 0 0 0 0 0 0 0 0 
0 0 0 0 0 0 0 0 0 0 0 0 0 0 0 0 0 0 0 0 0 0 79 80 61 38 63 65 54 68 84 114 130 127 155 149 191 201 221 248 251 248 241 234 228 210 233 222 236 234 258 223 297 246 277 248 275 269 292 282 326 291 273 277 256 264 260 254 256 252 238 217 194 218 159 128 143 142 127 105 82 94 83 60 61 44 53 39 46 33 16 16 19 10 8 9 7 3 3 2 2 1 1 0 0 0 0 0 0 1 0 0 0 0 0 0 0 0 0 0 0 0 0 0 0 0 0 0 0 0 
0 0 0 0 0 0 0 0 0 0 0 0 0 0 0 0 0 0 0 0 0 0 15 7 7 4 5 5 5 8 14 11 11 10 19 17 23 25 22 23 24 25 24 16 22 13 19 26 27 28 20 25 19 35 40 23 40 39 45 51 50 54 45 48 55 47 46 48 72 41 32 61 60 35 35 31 36 31 36 25 32 26 28 20 15 18 18 17 10 7 19 5 8 6 1 3 4 1 0 2 0 0 0 0 0 0 0 0 0 0 0 0 0 0 0 0 0 0 0 0 0 0 0 0 0 0 0 0 0 0 
0 0 0 0 0 0 0 0 0 0 0 0 0 0 0 0 0 0 0 0 0 0 124 95 94 70 78 92 98 89 115 156 177 180 229 257 262 277 313 316 319 318 302 333 302 316 292 280 290 296 299 317 359 339 332 329 350 357 348 453 409 459 461 440 456 450 480 421 486 443 372 403 334 329 312 230 223 252 242 197 167 163 168 145 129 127 93 83 80 73 50 45 31 30 19 15 23 8 7 2 2 1 0 1 0 1 0 0 0 0 0 0 0 0 0 0 0 0 0 0 0 0 0 0 0 0 0 0 0 0 
0 0 0 0 0 0 0 0 0 0 0 0 0 0 0 0 0 0 0 0 0 0 54 50 34 19 31 29 30 37 55 57 61 76 86 99 100 108 99 116 126 112 122 123 121 87 121 116 119 130 123 144 155 154 177 176 183 214 224 203 276 227 239 254 243 240 231 231 203 204 193 179 181 190 162 123 131 132 125 115 105 95 82 89 80 63 64 71 48 40 39 23 27 26 4 9 11 5 1 6 0 2 1 2 0 0 0 0 0 0 0 0 0 0 0 0 0 0 0 0 2 0 0 0 0 0 0 0 0 0 
0 0 0 0 0 0 0 0 0 0 0 0 0 0 0 0 0 0 0 0 0 0 92 82 59 44 55 44 52 52 71 81 94 100 118 149 125 146 170 167 171 178 204 169 195 167 224 210 210 236 221 219 258 228 241 254 293 287 300 322 303 318 290 324 314 319 309 291 261 287 289 237 258 248 213 142 140 177 153 146 113 123 87 98 73 79 84 60 56 34 37 25 26 11 13 7 8 3 2 1 1 0 1 0 0 0 1 0 0 0 0 0 0 0 0 0 0 0 0 0 0 0 0 0 0 0 0 0 0 0 
0 0 0 0 0 0 0 0 0 0 0 0 0 0 0 0 0 0 0 0 0 0 335 311 218 121 178 148 129 128 219 207 261 258 365 467 482 508 650 657 641 641 728 834 657 700 725 742 767 801 854 847 884 900 932 945 1076 996 989 1026 962 889 873 861 789 729 729 659 612 542 539 547 460 453 414 302 294 314 295 278 250 179 189 144 113 126 86 74 76 80 37 36 26 26 20 12 7 4 3 1 0 1 1 0 1 1 0 0 0 0 0 0 0 0 1 0 0 0 0 0 2 0 0 0 0 0 0 0 0 0 
0 0 0 0 0 0 0 0 0 0 0 0 0 0 0 0 0 0 0 0 0 0 43 35 30 20 41 38 36 36 47 48 59 54 79 87 93 76 103 110 89 102 110 124 98 114 127 119 130 121 141 163 158 160 186 161 170 211 222 273 256 278 298 268 259 325 314 317 331 321 307 302 271 294 269 238 236 239 244 225 207 158 148 91 96 98 70 59 58 41 27 25 23 18 10 7 9 7 3 3 1 1 0 0 2 0 0 0 0 0 0 0 0 0 0 0 0 0 0 0 0 0 0 0 0 0 0 0 0 0 
0 0 0 0 0 0 0 0 0 0 0 0 0 0 0 0 0 0 0 0 0 0 26 20 15 15 18 15 19 19 33 28 31 41 31 56 60 45 78 66 59 72 59 56 58 68 55 53 64 59 51 74 65 74 70 75 88 92 104 109 108 93 113 110 119 128 122 114 93 121 80 110 95 82 71 66 77 77 64 47 81 48 28 46 41 38 25 23 22 19 16 17 16 7 9 7 2 2 2 1 2 0 0 0 0 0 0 0 0 0 0 0 0 0 0 0 0 0 0 0 1 0 0 0 0 0 0 0 0 0 
0 0 0 0 0 0 0 0 0 0 0 0 0 0 0 0 0 0 0 0 0 0 145 131 102 77 80 91 87 102 132 144 145 153 206 248 245 236 305 314 282 289 312 343 324 340 333 336 345 406 417 466 434 476 501 525 571 544 543 556 550 537 535 509 480 462 436 384 399 384 380 363 322 355 322 245 253 270 226 192 153 139 146 98 101 102 75 68 37 44 45 34 24 18 13 9 5 1 0 1 1 1 0 0 0 0 0 0 0 0 0 0 0 0 0 0 0 0 0 0 0 0 0 0 0 0 0 0 0 0 
0 0 0 0 0 0 0 0 0 0 0 0 0 0 0 0 0 0 0 0 0 1 129 149 93 78 86 87 76 118 107 135 164 217 236 244 259 244 298 318 325 353 383 351 333 309 318 282 299 327 338 338 326 333 371 300 337 367 400 391 433 396 420 404 399 380 386 392 368 322 326 297 278 287 269 203 196 207 207 172 146 142 147 123 120 127 121 77 75 54 40 42 35 31 19 14 12 3 7 1 0 0 0 1 1 0 0 0 0 0 0 0 0 0 0 0 0 0 0 0 2 0 0 0 0 0 0 0 0 0 
0 0 0 0 0 0 0 0 0 0 0 0 0 0 0 0 0 0 0 0 0 0 9 13 17 9 8 11 11 21 16 16 23 26 33 34 27 38 41 33 38 43 47 47 44 49 39 48 48 58 61 40 57 41 51 56 60 53 67 73 85 87 79 71 76 72 81 72 65 67 78 61 62 64 58 49 39 53 43 44 31 35 44 29 31 25 27 13 16 8 7 8 7 5 5 1 2 0 2 0 1 0 0 0 0 0 0 0 0 0 0 0 0 0 0 0 0 0 0 0 0 0 0 0 0 0 0 0 0 0 
0 0 0 0 0 0 0 0 0 0 0 0 0 0 0 0 0 0 0 0 0 0 5 2 6 5 8 4 12 3 14 14 11 9 23 19 23 16 25 28 21 21 27 34 15 26 29 26 18 23 28 34 31 32 46 27 36 47 37 56 64 61 57 63 62 77 73 68 74 77 57 78 67 78 65 54 51 58 46 38 31 29 28 17 24 12 14 9 9 12 11 8 3 5 2 1 3 1 1 1 0 0 0 0 0 0 0 0 0 0 0 0 0 0 0 0 0 0 0 0 0 0 0 0 0 0 0 0 0 0 
0 0 0 0 0 0 0 0 0 0 0 0 0 0 0 0 0 0 0 0 0 0 32 18 11 14 23 14 16 17 28 27 42 26 33 35 30 50 48 42 39 57 58 70 53 54 48 52 42 51 62 65 72 71 70 77 88 74 92 96 107 105 102 100 96 107 112 100 107 101 87 98 84 87 84 75 73 64 63 56 58 52 59 43 34 40 39 30 27 20 16 20 13 11 10 5 5 2 0 1 1 0 0 0 0 0 0 0 0 0 0 0 0 0 0 0 0 0 0 0 0 0 0 0 0 0 0 0 0 0 
0 0 0 0 0 0 0 0 0 0 0 0 0 0 0 0 0 0 0 0 0 0 114 73 87 64 74 80 90 109 137 176 132 156 192 234 221 247 261 292 323 302 329 304 266 285 277 314 274 346 342 327 347 339 371 433 448 458 494 581 527 540 543 545 558 557 557 577 598 610 540 566 566 547 491 394 381 440 425 379 330 286 280 225 226 159 140 117 126 98 90 66 46 51 24 12 11 10 11 3 1 6 0 0 0 0 0 0 0 0 0 0 0 0 0 0 0 0 1 0 30 0 0 0 0 0 0 0 0 0 
0 0 0 0 0 0 0 0 0 0 0 0 0 0 0 0 0 0 0 0 0 2 1142 1078 953 723 775 722 671 649 847 919 1081 1123 1402 1658 1767 1812 2045 2250 2347 2357 2377 2403 2364 2291 2528 2433 2562 2883 3196 3246 3183 3079 3226 3427 3737 3764 3788 3923 3920 3869 3674 3672 3467 3310 3144 2936 2836 2686 2497 2411 2272 2323 2044 1613 1534 1579 1458 1304 1112 908 883 788 652 569 489 442 396 297 243 203 174 121 102 59 50 23 22 17 4 5 2 2 1 2 2 0 0 0 0 0 0 0 0 2 2 0 0 0 30 0 0 0 0 0 0 0 0 0 
0 0 0 0 0 0 0 0 0 0 0 0 0 0 0 0 0 0 0 0 0 0 55 56 31 25 25 35 40 35 57 55 59 66 79 89 101 97 128 106 116 141 147 133 138 125 167 143 143 158 166 134 177 142 161 169 181 179 179 188 168 182 173 192 166 160 152 163 162 129 125 116 119 105 93 95 91 74 69 70 57 48 53 50 42 35 31 28 23 25 22 11 16 9 3 4 0 1 0 3 0 0 0 0 0 0 0 0 0 0 0 0 0 0 0 0 0 0 0 0 2 1 0 0 0 0 0 0 0 0 
0 0 0 0 0 0 0 0 0 0 0 0 0 0 0 0 0 0 0 0 0 0 86 75 44 35 48 55 54 59 82 100 119 131 144 183 165 160 195 211 195 229 192 230 189 205 191 174 202 227 255 243 255 212 248 220 277 301 328 316 320 369 374 354 362 353 373 336 396 350 359 348 303 336 258 258 261 268 249 202 190 155 155 136 126 93 86 67 52 54 45 32 26 23 19 9 5 9 5 3 1 3 2 2 0 0 0 0 0 0 0 0 0 0 0 0 0 0 0 0 1 0 0 0 0 0 0 0 0 0 
0 0 0 0 0 0 0 0 0 0 0 0 0 0 0 0 0 0 0 0 0 0 28 23 17 19 21 23 19 27 24 34 33 51 37 43 51 49 52 72 48 57 79 101 88 60 71 46 76 72 65 63 96 79 116 102 116 101 140 125 115 136 152 157 157 166 141 136 132 131 113 112 103 127 121 90 90 83 92 81 69 68 62 53 65 38 38 36 20 18 22 19 16 9 2 3 9 5 2 3 0 2 0 1 0 0 1 0 0 0 0 0 0 0 0 0 0 0 0 0 0 0 0 0 0 0 0 0 0 0 
0 0 0 0 0 0 0 0 0 0 0 0 0 0 0 0 0 0 0 0 0 0 54 38 38 12 17 22 31 26 46 46 56 60 83 82 84 87 103 119 104 102 114 117 116 111 126 100 99 141 133 122 97 128 147 151 167 183 176 183 193 206 188 200 211 205 214 206 182 175 183 177 157 159 138 124 145 129 109 108 114 88 76 69 57 62 59 56 42 43 29 27 19 10 11 7 6 1 4 5 3 0 1 0 0 0 0 0 0 0 0 0 0 0 0 0 0 0 0 0 1 0 0 0 0 0 0 0 0 0 
0 0 0 0 0 0 0 0 0 0 0 0 0 0 0 0 0 0 0 0 0 0 52 36 22 28 40 33 46 45 57 58 75 80 96 107 96 99 126 134 124 124 140 153 150 128 140 164 132 149 158 163 174 190 174 205 207 246 246 247 320 278 296 284 269 304 291 252 250 287 234 217 216 258 214 211 161 177 152 149 140 149 120 123 98 99 94 71 58 52 50 36 31 16 17 10 8 8 7 2 1 1 0 0 0 0 0 0 0 0 0 0 0 0 0 0 0 0 0 0 0 0 0 0 0 0 0 0 0 0 
0 0 0 0 0 0 0 0 0 0 0 0 0 0 0 0 0 0 0 0 0 0 103 95 81 74 71 53 60 90 113 99 127 141 172 205 194 225 237 223 249 233 224 245 244 246 248 225 245 276 302 302 294 333 312 365 408 408 477 444 481 453 412 481 451 446 470 417 442 397 341 354 336 341 303 271 244 249 205 220 192 173 161 157 155 118 88 83 83 70 51 31 38 27 20 10 24 9 2 5 0 1 0 0 0 1 0 0 0 0 0 0 0 0 0 0 1 0 0 1 0 0 0 0 0 0 0 0 0 0 
0 0 0 0 0 0 0 0 0 0 0 0 0 0 0 0 0 0 0 0 0 0 13 9 9 7 15 17 14 15 18 16 21 16 22 19 27 31 34 38 36 33 36 35 41 30 39 34 27 33 25 41 35 33 37 33 52 40 64 62 59 46 60 64 73 64 53 62 47 64 53 64 59 60 47 38 31 38 39 38 28 34 14 27 22 20 8 20 12 8 9 6 3 5 7 0 3 1 1 0 2 0 0 0 0 0 0 0 0 0 0 0 0 0 0 0 0 0 1 0 0 0 0 0 0 0 0 0 0 0 
0 0 0 0 0 0 0 0 0 0 0 0 0 0 0 0 0 0 0 0 0 1 2657 2561 2129 1764 1916 1954 1974 1982 2596 2965 3233 3490 4311 4899 5124 5242 6122 6258 6397 5874 6269 6405 5933 5818 6361 6314 6284 6748 7909 7616 7747 7543 7350 7998 8645 8767 8874 9195 9477 9453 8970 9139 8974 8564 8608 8275 7900 7548 7289 6935 6400 6467 5698 4473 4218 4216 4043 3427 2962 2631 2511 2322 2027 1825 1607 1327 1232 1034 889 780 603 513 394 290 225 146 83 63 37 24 18 4 4 3 1 1 0 0 1 0 0 0 1 0 0 0 0 0 301 0 1 0 1 0 1 0 0 0 
0 0 0 0 0 0 0 0 0 0 0 0 0 0 0 0 0 0 0 0 0 0 33 45 39 33 33 24 24 29 32 39 51 60 62 65 68 79 106 86 97 104 90 119 102 80 93 89 112 128 126 120 116 148 138 114 151 159 189 212 206 236 216 217 201 214 202 194 170 185 183 148 144 139 161 130 132 109 109 83 85 69 69 61 46 50 62 41 43 34 24 18 19 17 11 3 6 1 3 2 0 1 0 0 0 0 0 0 0 0 0 0 0 0 0 0 0 0 0 0 0 0 0 0 0 0 0 0 0 0 
0 0 0 0 0 0 0 0 0 0 0 0 0 0 0 0 0 0 0 0 0 0 29 29 23 21 24 18 18 26 22 50 40 42 48 62 78 72 101 110 100 92 83 88 85 83 101 102 100 105 106 125 109 91 120 128 166 171 168 194 203 187 181 199 207 185 191 212 225 252 227 215 221 210 195 148 151 154 151 119 110 117 88 73 86 68 48 36 26 23 30 9 15 10 7 4 3 5 0 3 0 3 0 0 0 0 0 0 0 0 0 0 0 0 0 0 0 0 0 1 1 0 0 0 0 0 0 0 0 0 
0 0 0 0 0 0 0 0 0 0 0 0 0 0 0 0 0 0 0 0 0 1 83 59 77 38 48 63 63 69 81 124 123 125 144 172 164 174 181 209 215 219 209 207 173 218 189 223 244 244 276 237 239 287 290 285 318 361 350 366 350 344 349 304 329 305 279 274 278 287 236 248 232 237 182 164 164 192 147 131 122 126 111 106 83 65 51 40 43 30 31 22 16 9 10 3 4 4 0 1 0 0 0 0 0 0 0 0 0 0 0 0 0 0 0 0 0 0 0 0 4 0 0 0 0 0 0 0 0 0 
0 0 0 0 0 0 0 0 0 0 0 0 0 0 0 0 0 0 0 0 0 0 76 69 46 50 56 44 73 70 86 85 90 98 133 154 159 124 176 204 205 193 237 185 218 194 203 199 214 241 234 241 241 227 268 287 310 328 366 391 398 376 445 421 473 430 477 500 472 527 433 367 454 391 357 263 273 283 309 232 216 192 172 123 135 102 98 91 73 51 56 41 34 28 24 12 10 3 5 2 1 1 1 1 1 0 0 0 0 0 2 0 0 0 0 0 0 0 0 0 4 0 0 0 0 0 0 0 0 0 
0 0 0 0 0 0 0 0 0 0 0 0 0 0 0 0 0 0 0 0 0 0 20 22 23 9 11 13 20 19 27 25 29 24 41 35 35 41 38 57 48 45 45 46 31 45 51 58 55 53 55 76 58 66 55 67 63 87 79 100 96 124 115 87 100 111 81 100 90 77 86 68 58 58 52 44 43 47 43 49 45 37 39 30 31 29 30 19 21 15 12 11 7 8 9 1 2 2 3 2 1 0 1 0 0 0 0 1 0 0 0 0 0 0 0 0 0 0 0 3 0 0 0 0 0 0 0 0 0 0 
0 0 0 0 0 0 0 0 0 0 0 0 0 0 0 0 0 0 0 0 0 0 36 20 23 21 26 21 32 22 31 36 35 27 62 54 59 66 69 76 74 56 88 79 76 81 73 84 107 102 104 83 81 110 95 101 102 124 130 157 140 143 167 156 142 173 166 137 135 168 146 125 115 127 113 91 75 80 89 75 62 57 55 47 46 33 33 18 29 17 14 8 5 10 5 4 3 1 0 1 0 0 0 0 0 0 0 0 0 0 0 0 0 0 0 0 0 0 0 0 0 0 0 0 0 0 0 0 0 0 
0 0 0 0 0 0 0 0 0 0 0 0 0 0 0 0 0 0 0 0 0 0 68 57 43 46 36 56 66 53 79 97 118 123 130 175 173 190 192 201 207 212 218 186 208 177 208 194 218 227 230 244 233 251 239 276 282 287 326 355 388 382 361 396 383 409 394 406 375 357 306 335 275 269 239 214 217 236 203 186 156 164 122 119 114 99 70 85 52 50 35 41 20 20 24 15 9 10 2 2 0 0 2 0 0 0 1 0 0 0 0 0 0 0 0 0 0 0 0 0 3 0 0 0 0 0 0 0 0 0 
0 0 0 0 0 0 0 0 0 0 0 0 0 0 0 0 0 0 0 0 0 0 14 16 13 10 8 12 5 10 14 19 15 16 22 23 21 22 18 23 21 23 23 27 20 26 24 26 20 35 35 36 26 30 27 28 39 43 46 46 35 42 38 53 59 43 56 46 57 49 45 53 39 42 42 35 37 30 28 19 19 23 20 17 17 18 9 11 4 16 10 7 10 3 2 4 1 1 0 0 1 0 0 0 0 0 0 0 0 0 0 0 0 0 0 0 0 0 0 0 0 0 0 0 0 0 0 0 0 0 
0 0 0 0 0 0 0 0 0 0 0 0 0 0 0 0 0 0 0 0 0 0 20 8 11 9 11 8 19 22 15 22 19 28 40 36 27 37 38 49 49 44 38 45 45 45 55 66 59 67 66 54 67 79 101 88 92 102 102 112 96 111 116 130 148 123 123 125 133 130 146 109 107 109 99 67 75 74 70 66 51 61 49 41 41 38 25 20 17 20 11 18 7 6 7 5 3 2 1 3 0 1 0 0 0 0 0 0 0 0 0 0 0 0 0 0 0 0 0 0 2 0 0 0 0 0 0 0 0 0 
0 0 0 0 0 0 0 0 0 0 0 0 0 0 0 0 0 0 0 0 0 0 7 12 12 4 11 10 15 16 19 15 26 14 23 36 32 30 32 36 31 28 33 36 31 41 28 33 38 31 34 39 40 43 40 43 54 57 64 69 80 84 81 96 96 83 76 85 87 88 75 58 51 61 53 42 39 36 44 38 37 41 35 25 30 18 19 19 15 21 7 10 9 7 8 7 2 2 2 1 1 1 0 0 0 0 0 0 0 0 0 0 0 0 0 0 0 0 0 0 0 0 0 0 0 0 0 0 0 0 
0 0 0 0 0 0 0 0 0 0 0 0 0 0 0 0 0 0 0 0 0 0 14 10 7 12 16 15 14 12 14 31 24 34 40 45 39 51 47 54 70 56 43 66 51 57 61 45 50 54 65 56 66 58 81 61 83 86 86 102 126 134 125 121 137 121 157 159 120 131 120 126 114 95 99 77 75 84 75 81 56 45 60 46 49 41 32 30 27 26 22 19 10 10 4 2 6 2 2 0 1 2 0 1 0 0 0 0 0 0 0 0 0 0 0 0 0 0 0 1 1 0 0 0 0 0 0 0 0 0 
0 0 0 0 0 0 0 0 0 0 0 0 0 0 0 0 0 0 0 0 0 0 6 1 3 2 7 3 5 3 5 9 14 9 9 15 14 10 15 15 21 25 16 17 14 18 18 17 16 13 19 15 19 30 32 42 26 35 36 33 34 39 48 35 38 54 56 59 42 44 46 52 36 32 24 20 26 27 23 13 16 27 20 22 17 7 5 10 6 8 8 2 3 2 2 1 1 2 0 1 1 0 0 0 0 0 0 0 0 0 0 0 0 0 0 0 0 0 0 0 0 0 0 0 0 0 0 0 0 0 
0 0 0 0 0 0 0 0 0 0 0 0 0 0 0 0 0 0 0 0 0 0 68 59 62 38 35 48 42 51 73 92 69 83 118 114 109 140 148 167 163 164 155 185 155 151 151 140 182 184 227 186 211 209 221 227 260 254 264 263 285 282 239 275 247 253 272 224 229 213 216 237 208 185 177 151 118 142 144 119 125 100 89 80 71 53 52 46 30 32 26 14 14 13 11 4 3 0 2 4 0 1 0 0 0 0 0 0 0 0 0 0 0 0 0 0 0 0 0 0 0 0 0 0 0 0 0 0 0 0 
0 0 0 0 0 0 0 0 0 0 0 0 0 0 0 0 0 0 0 0 0 0 11 7 9 8 8 11 7 8 11 19 15 30 24 25 24 24 25 23 26 28 28 33 25 34 25 25 32 41 31 42 28 33 36 43 38 37 32 62 59 47 57 48 52 48 45 59 47 50 54 33 42 39 34 28 40 31 34 31 22 25 31 20 28 23 16 16 13 12 10 8 11 4 3 3 2 2 2 1 2 0 0 1 0 0 0 0 0 0 0 0 0 0 0 0 0 0 0 0 0 0 0 0 0 0 0 0 0 0 
0 0 0 0 0 0 0 0 0 0 0 0 0 0 0 0 0 0 0 0 0 0 72 42 33 33 28 27 46 38 60 60 60 66 83 87 86 116 120 126 125 134 140 121 130 117 147 109 130 153 151 156 133 140 145 143 193 198 182 199 200 190 216 215 213 201 210 172 177 144 175 131 150 125 114 86 105 99 101 77 87 78 69 49 69 48 39 37 36 30 30 23 17 11 13 11 1 6 4 1 1 0 1 0 0 1 0 0 0 0 0 0 0 0 0 0 0 0 0 0 0 0 0 0 0 0 0 0 0 0 
0 0 0 0 0 0 0 0 0 0 0 0 0 0 0 0 0 0 0 0 0 0 84 65 55 33 40 37 61 63 70 96 109 94 129 132 149 168 165 154 174 198 198 205 176 186 219 174 247 243 257 253 218 210 256 282 263 316 302 311 316 332 292 266 306 261 256 267 264 262 237 252 222 241 204 194 181 164 174 155 135 136 121 118 107 83 76 54 52 39 36 23 25 15 5 12 9 3 5 2 1 1 0 0 2 0 0 0 0 0 0 0 0 0 0 0 0 0 0 0 0 0 0 0 0 0 0 0 0 0 
0 0 0 0 0 0 0 0 0 0 0 0 0 0 0 0 0 0 0 0 0 0 7 8 11 10 4 5 8 5 11 8 6 4 12 13 17 9 18 12 21 11 17 22 16 18 16 16 29 14 14 25 14 25 25 25 36 39 29 41 38 46 34 37 37 36 44 47 33 36 37 39 42 29 31 26 26 23 24 19 22 12 12 17 10 16 10 12 12 5 6 4 2 3 3 2 2 2 0 0 0 0 0 0 0 0 0 0 0 0 0 0 0 0 0 0 0 0 0 0 0 0 0 0 0 0 0 0 0 0 
0 0 0 0 0 0 0 0 0 0 0 0 0 0 0 0 0 0 0 0 0 0 18 20 12 19 13 23 16 16 22 29 27 38 19 54 59 53 39 42 52 53 46 43 51 41 42 43 58 57 54 54 49 49 55 68 79 81 74 80 89 92 94 95 95 102 112 90 94 79 96 69 58 73 68 49 48 45 45 38 42 42 53 34 30 28 23 13 12 10 16 6 10 9 4 4 1 2 1 1 0 0 1 1 0 0 0 0 0 0 0 0 0 0 0 0 0 0 0 0 0 0 0 0 0 0 0 0 0 0 
0 0 0 0 0 0 0 0 0 0 0 0 0 0 0 0 0 0 0 0 0 0 28 42 20 21 26 26 30 36 47 43 44 55 66 83 79 83 83 79 99 95 95 90 70 78 120 76 88 104 114 120 111 114 129 133 144 135 184 162 197 209 194 201 228 216 190 195 188 178 155 188 165 169 122 115 123 123 107 96 87 71 75 71 66 69 49 41 49 42 29 27 24 19 14 9 2 3 4 0 0 1 0 0 0 0 0 0 0 0 0 0 0 0 0 0 0 0 0 0 0 0 0 0 0 0 0 0 0 0 
0 0 0 0 0 0 0 0 0 0 0 0 0 0 0 0 0 0 0 0 0 0 56 43 33 42 24 33 44 44 65 56 67 78 92 101 103 117 108 124 124 112 119 127 120 113 155 129 121 155 149 143 138 158 151 176 178 208 190 238 237 228 223 206 217 223 240 227 232 217 204 197 164 136 156 127 117 122 125 109 81 87 74 71 63 56 41 35 48 33 28 15 15 15 8 5 3 3 0 2 1 1 0 0 0 0 0 0 0 0 0 0 0 0 0 0 0 0 0 0 0 0 0 0 0 0 0 0 0 0 
0 0 0 0 0 0 0 0 0 0 0 0 0 0 0 0 0 0 0 0 0 0 31 38 42 22 40 35 40 27 55 62 81 70 68 82 95 81 116 112 131 115 132 144 103 134 127 123 139 138 137 141 154 163 131 176 153 206 210 213 209 184 215 182 195 188 188 184 199 171 148 152 189 161 147 129 101 130 114 105 113 104 77 59 69 60 49 47 32 27 25 21 9 12 5 7 5 2 1 2 1 0 0 0 0 0 0 0 0 0 0 0 0 0 0 0 0 0 0 0 0 0 0 0 0 0 0 0 0 0 
0 0 0 0 0 0 0 0 0 0 0 0 0 0 0 0 0 0 0 0 0 0 83 82 64 47 54 49 61 79 60 99 103 112 130 157 158 175 168 200 188 189 221 203 188 158 179 152 196 225 253 210 217 222 245 247 278 301 299 287 332 312 323 332 331 350 308 284 299 290 295 258 238 251 209 165 181 180 193 129 135 128 100 124 70 72 72 73 54 46 41 39 21 26 11 14 5 4 3 3 0 0 0 1 0 0 0 0 0 0 0 0 0 0 0 1 0 0 0 0 1 0 0 0 0 0 0 0 0 0 
0 0 0 0 0 0 0 0 0 0 0 0 0 0 0 0 0 0 0 0 0 0 63 57 52 29 45 49 43 59 69 79 95 67 112 136 121 138 149 159 162 170 155 135 126 135 191 172 170 187 208 214 194 184 219 238 251 242 254 286 296 314 275 283 295 270 266 268 267 269 263 267 230 219 227 156 163 156 153 155 128 130 103 89 106 90 87 74 81 62 44 36 35 29 15 17 12 12 7 6 4 2 0 0 1 0 0 0 0 0 0 0 0 0 0 0 0 0 0 0 1 0 0 0 0 0 0 0 0 0 
0 0 0 0 0 0 0 0 0 0 0 0 0 0 0 0 0 0 0 0 0 0 23 25 7 8 12 15 17 28 28 26 31 24 30 42 41 29 41 53 50 43 47 61 44 51 39 34 42 45 55 48 53 54 56 61 70 65 91 63 90 80 91 93 97 98 88 102 90 97 74 83 93 70 64 66 59 58 63 46 49 39 39 41 32 37 25 27 19 14 18 14 12 5 2 1 2 3 5 1 0 0 0 0 0 0 0 0 0 0 0 0 0 0 0 0 0 0 0 0 0 0 0 0 0 0 0 0 0 0 
0 0 0 0 0 0 0 0 0 0 0 0 0 0 0 0 0 0 0 0 0 0 73 69 45 43 40 46 46 48 60 75 82 112 112 148 141 161 193 204 192 186 200 199 191 174 175 190 162 196 212 170 199 181 207 183 260 247 249 248 270 282 270 272 270 289 244 274 256 262 220 225 196 210 208 152 135 133 133 116 107 101 97 69 77 61 49 41 36 30 32 19 16 16 14 10 6 5 3 3 1 0 0 0 1 0 0 0 0 0 0 0 0 0 0 0 0 0 0 0 0 0 0 0 0 0 0 0 0 0 
0 0 0 0 0 0 0 0 0 0 0 0 0 0 0 0 0 0 0 0 0 0 39 50 25 28 30 33 34 25 44 44 49 48 65 63 64 66 58 75 66 74 67 68 67 71 76 72 72 98 109 90 104 92 104 126 114 158 143 114 122 168 148 168 146 147 169 148 136 144 114 121 115 92 103 109 76 94 78 69 86 66 58 63 48 32 43 34 28 24 18 21 10 12 16 5 6 1 2 5 1 2 0 0 0 0 0 0 0 0 0 0 0 0 0 0 0 0 0 0 0 0 0 0 0 0 0 0 0 0 
0 0 0 0 0 0 0 0 0 0 0 0 0 0 0 0 0 0 0 0 0 0 13 12 15 12 7 13 17 15 16 16 24 21 13 34 14 20 27 27 29 34 33 31 27 33 38 29 35 37 35 39 32 33 42 39 54 71 61 58 63 57 53 64 49 57 53 63 60 58 40 39 62 43 48 35 45 42 37 36 18 19 19 30 16 22 23 11 13 15 5 9 4 0 7 2 1 0 3 0 0 0 0 0 0 0 0 0 0 0 0 0 0 0 0 0 0 0 0 0 0 0 0 0 0 0 0 0 0 0 
0 0 0 0 0 0 0 0 0 0 0 0 0 0 0 0 0 0 0 0 0 0 305 252 202 183 189 206 212 204 346 391 414 434 531 600 646 654 781 793 798 807 848 814 740 807 822 764 760 834 972 872 886 922 953 1027 1137 1179 1177 1302 1352 1345 1306 1308 1259 1052 1057 1132 1056 954 900 840 846 845 775 607 629 599 619 512 451 426 426 400 331 303 254 199 189 158 137 102 91 69 49 36 28 20 14 9 5 5 2 0 0 0 0 0 0 0 0 0 0 0 0 0 0 0 0 0 0 0 0 0 0 0 0 0 0 0 
0 0 0 0 0 0 0 0 0 0 0 0 0 0 0 0 0 0 0 0 0 0 135 105 99 64 74 77 97 105 141 149 135 146 192 217 256 233 278 292 293 294 268 249 272 262 258 242 252 280 350 310 346 347 365 380 436 465 513 534 594 588 606 609 578 584 618 593 621 562 588 646 572 524 442 424 390 406 365 334 299 272 243 235 211 197 155 120 100 81 87 65 50 34 22 13 12 18 13 9 1 1 0 0 4 1 0 0 1 1 0 0 0 0 0 0 0 0 0 0 0 0 0 0 0 0 0 0 0 0 
0 0 0 0 0 0 0 0 0 0 0 0 0 0 0 0 0 0 0 0 0 0 25 19 20 13 18 30 19 22 34 36 46 50 47 66 56 59 51 68 81 70 61 64 69 71 82 77 79 83 75 84 76 57 73 92 92 90 98 112 129 120 129 116 128 124 102 128 104 92 102 88 80 73 89 60 59 61 68 49 54 51 28 49 29 21 25 27 14 16 13 10 8 11 4 3 1 1 1 2 0 0 0 0 0 0 0 0 0 0 0 0 0 0 0 0 0 0 0 0 0 0 0 0 0 0 0 0 0 0 
0 0 0 0 0 0 0 0 0 0 0 0 0 0 0 0 0 0 0 0 0 0 43 23 21 24 41 21 34 27 35 43 56 77 85 85 90 84 108 111 110 142 122 127 106 115 120 98 134 149 156 155 160 144 183 175 219 219 233 252 239 242 235 244 252 260 269 226 234 236 204 233 212 215 141 135 180 149 145 132 108 99 85 114 73 75 68 37 39 39 27 24 19 12 11 9 2 2 1 1 0 1 0 0 0 0 0 0 0 0 0 0 0 0 0 0 0 0 0 0 0 0 0 0 0 0 0 0 0 0 
0 0 0 0 0 0 0 0 0 0 0 0 0 0 0 0 0 0 0 0 0 0 26 27 18 13 15 18 23 19 25 30 27 23 39 33 28 36 43 46 44 38 40 36 40 48 52 44 51 59 59 61 53 49 59 62 61 85 76 97 82 91 89 77 105 83 104 81 77 69 75 76 57 63 68 53 50 46 50 48 39 34 48 40 38 24 30 23 24 21 16 9 9 9 6 3 1 1 1 1 0 0 0 0 0 0 0 0 0 0 0 0 0 0 0 0 0 0 0 0 0 0 0 0 0 0 0 0 0 0 
0 0 0 0 0 0 0 0 0 0 0 0 0 0 0 0 0 0 0 0 0 0 75 69 39 42 33 54 50 44 62 58 61 86 102 102 114 124 130 152 158 132 144 136 141 132 141 160 140 165 184 157 165 185 185 203 225 225 243 264 257 246 258 300 217 267 286 266 235 214 194 202 206 184 148 153 133 138 130 105 106 106 87 78 90 70 62 46 42 40 43 33 25 18 14 8 4 5 2 1 1 0 0 1 0 0 0 0 0 0 0 0 0 0 0 0 0 0 0 0 2 0 0 0 0 0 0 0 0 0 
0 0 0 0 0 0 0 0 0 0 0 0 0 0 0 0 0 0 0 0 0 0 22 20 13 11 13 17 19 29 28 25 43 46 44 41 70 63 64 63 70 65 61 53 66 55 58 52 57 60 68 57 69 68 68 75 81 97 92 116 112 117 108 143 117 127 123 135 104 119 126 122 108 108 100 79 73 72 60 58 62 42 45 32 35 30 26 18 14 15 15 13 13 7 7 2 2 3 0 2 0 0 1 0 0 0 0 0 0 0 0 0 0 0 0 0 0 0 0 0 0 0 1 0 0 0 0 0 0 0 
0 0 0 0 0 0 0 0 0 0 0 0 0 0 0 0 0 0 0 0 0 3 1027 1012 917 826 848 902 894 861 1185 1223 1371 1387 1718 1931 2080 2072 2406 2459 2384 2243 2387 2235 2204 2141 2270 2244 2329 2430 2771 2823 2866 2793 2861 3004 3227 3282 3353 3585 3835 3633 3726 3789 3706 3731 3579 3478 3447 3410 3182 3117 2769 2822 2575 1941 1851 1858 1837 1489 1384 1150 1174 975 934 790 686 655 585 483 394 324 283 211 177 144 107 75 41 35 21 5 2 1 1 4 1 0 1 0 0 0 0 0 0 1 0 0 0 0 0 0 0 0 0 0 0 0 0 0 
0 0 0 0 0 0 0 0 0 0 0 0 0 0 0 0 0 0 0 0 0 0 7 6 6 2 3 7 7 7 5 11 14 11 7 23 9 24 14 24 24 29 22 39 13 12 27 23 19 13 27 23 22 23 20 26 31 40 33 36 37 27 39 34 36 45 29 41 41 22 28 43 26 22 25 27 11 27 15 10 16 15 14 12 8 4 12 7 7 10 5 1 3 0 0 3 1 0 0 0 0 0 0 0 0 0 0 0 0 0 0 0 0 0 0 0 0 0 0 0 0 0 0 0 0 0 0 0 0 0 
0 0 0 0 0 0 0 0 0 0 0 0 0 0 0 0 0 0 0 0 0 0 24 20 18 14 21 16 33 36 33 44 47 65 50 63 58 74 76 68 76 59 80 71 81 82 76 83 82 81 81 83 91 91 94 120 104 115 125 124 142 135 139 157 129 146 117 136 111 128 117 110 106 102 100 97 86 86 70 80 73 69 59 46 43 38 33 30 21 28 19 10 9 11 7 6 6 4 2 2 0 1 1 0 0 0 0 0 0 0 0 0 0 0 0 0 0 0 0 0 0 0 0 0 0 0 0 0 0 0 
0 0 0 0 0 0 0 0 0 0 0 0 0 0 0 0 0 0 0 0 0 0 36 17 18 22 16 17 25 27 33 44 49 56 43 47 68 64 80 72 69 62 72 77 76 69 87 60 68 78 86 92 88 103 100 80 120 137 128 131 139 153 147 149 139 167 133 129 112 130 107 110 85 96 90 73 78 82 89 69 59 64 51 48 38 35 52 32 32 29 20 14 14 11 5 4 3 4 1 2 3 1 0 0 0 0 0 0 0 0 0 0 0 0 0 0 0 0 0 0 0 0 0 0 0 0 0 0 0 0 
0 0 0 0 0 0 0 0 0 0 0 0 0 0 0 0 0 0 0 0 0 0 129 113 84 71 69 76 74 82 110 120 170 154 186 233 224 214 249 257 314 264 315 304 295 255 316 306 328 354 410 371 388 396 428 421 494 499 477 516 478 532 575 486 502 479 473 437 434 436 399 362 373 386 324 283 242 274 250 246 194 191 169 161 163 114 102 91 79 68 50 39 31 29 17 17 13 4 7 4 1 1 0 0 0 0 0 0 0 1 0 0 0 0 0 0 0 0 0 0 0 0 0 0 0 0 0 0 0 0 
0 0 0 0 0 0 0 0 0 0 0 0 0 0 0 0 0 0 0 0 0 0 24 15 22 10 21 16 16 19 20 27 25 29 31 38 36 40 43 43 44 58 64 51 61 73 52 54 54 66 67 48 75 44 47 77 63 84 66 89 87 94 76 90 83 70 86 79 85 67 78 79 67 87 56 56 54 55 54 42 44 35 38 35 32 30 20 19 10 12 14 7 5 11 2 6 0 2 0 0 0 0 0 0 0 0 0 0 0 0 0 0 0 0 0 0 0 0 0 0 0 0 0 0 0 0 0 0 0 0 
0 0 0 0 0 0 0 0 0 0 0 0 0 0 0 0 0 0 0 0 0 0 47 39 27 24 31 14 25 22 31 38 41 37 48 71 62 56 81 61 65 89 57 88 94 87 77 99 96 101 101 109 120 116 129 137 122 135 149 139 156 157 134 140 140 150 150 129 137 115 121 114 110 104 80 66 79 74 75 55 51 52 48 36 39 37 29 17 22 16 9 5 6 11 5 6 2 1 3 1 1 0 0 0 0 0 0 0 0 0 0 0 0 0 0 0 0 0 0 0 2 0 0 0 0 0 0 0 0 0 
0 0 0 0 0 0 0 0 0 0 0 0 0 0 0 0 0 0 0 0 0 0 347 344 311 243 304 268 305 333 418 475 548 587 673 734 751 795 932 976 998 927 973 1020 963 953 976 962 1020 1048 1229 1076 1086 1150 1190 1236 1388 1462 1600 1699 1759 1764 1765 1992 1935 1988 1967 1992 1977 1822 1655 1708 1564 1556 1304 1039 1012 1033 963 829 740 614 677 533 486 470 352 350 297 256 211 206 142 117 87 63 40 29 8 12 4 2 1 3 1 0 0 0 0 0 0 0 0 0 0 0 0 0 0 0 0 0 0 0 0 0 0 0 0 0 
0 0 0 0 0 0 0 0 0 0 0 0 0 0 0 0 0 0 0 0 0 0 434 355 317 223 272 240 223 205 257 367 371 392 544 589 631 676 824 869 905 855 1010 1064 1035 989 1051 1093 1101 1172 1370 1272 1191 1318 1222 1300 1363 1322 1299 1253 1243 1175 1050 1040 936 823 756 787 736 724 674 636 588 630 547 474 479 418 387 323 295 239 231 195 184 145 141 107 76 57 60 34 30 25 24 16 15 7 7 1 2 0 0 0 0 0 0 0 0 0 0 0 0 0 0 0 0 0 0 0 2 0 0 0 0 0 0 0 0 0 
0 0 0 0 0 0 0 0 0 0 0 0 0 0 0 0 0 0 0 0 0 0 229 199 161 116 118 135 143 156 223 228 282 284 383 457 460 430 502 540 571 558 607 656 573 589 628 644 642 691 777 740 769 719 722 741 829 814 764 792 757 762 694 632 580 582 582 528 525 510 460 476 437 432 392 278 291 300 291 196 209 166 138 143 129 94 78 70 70 52 32 37 26 19 13 10 9 7 4 3 3 0 0 0 0 0 0 0 0 0 0 0 0 0 0 0 0 0 0 0 0 0 0 0 0 0 0 0 0 0 
0 0 0 0 0 0 0 0 0 0 0 0 0 0 0 0 0 0 0 0 0 0 25 41 28 23 21 24 14 24 29 37 43 44 55 62 52 66 75 71 73 85 85 76 97 83 72 86 91 88 91 107 112 91 93 115 119 127 146 156 157 159 138 152 135 118 127 126 110 110 109 115 86 100 77 75 78 70 80 51 47 53 56 33 45 46 40 30 22 23 17 19 9 3 13 4 3 2 0 0 0 0 1 0 0 0 0 0 0 0 0 0 0 0 0 0 0 0 0 0 2 0 0 0 0 0 0 0 0 0 
0 0 0 0 0 0 0 0 0 0 0 0 0 0 0 0 0 0 0 0 0 0 315 271 227 183 207 188 242 248 306 357 418 426 508 591 631 632 734 771 802 730 798 799 750 719 735 778 783 801 912 913 974 926 1024 1099 1132 1186 1212 1206 1224 1224 1140 1200 1215 1084 1102 1097 1073 1069 948 911 887 875 762 651 596 553 567 500 441 417 404 372 335 282 252 203 184 158 140 102 71 60 39 28 18 18 14 6 3 2 0 0 0 0 1 0 0 0 0 0 0 0 0 0 0 0 0 0 0 0 0 0 0 0 0 0 0 0 
0 0 0 0 0 0 0 0 0 0 0 0 0 0 0 0 0 0 0 0 0 0 74 61 54 36 45 52 55 63 74 88 111 116 136 150 173 180 190 201 188 185 186 212 208 208 215 200 202 225 247 235 230 271 269 295 296 296 340 341 300 323 284 277 305 258 307 251 287 242 245 237 183 179 177 157 130 165 130 120 106 109 108 87 79 81 61 44 39 33 32 33 25 13 14 6 8 4 3 0 0 1 1 0 0 0 0 0 0 0 0 0 0 0 0 0 0 0 0 0 47 0 0 0 0 0 0 0 0 0 
0 0 0 0 0 0 0 0 0 0 0 0 0 0 0 0 0 0 0 0 0 0 19 26 15 9 13 22 16 16 26 23 30 29 40 51 39 45 49 56 58 48 41 63 46 61 55 41 41 60 43 58 52 52 48 52 56 50 85 79 70 90 67 97 83 81 73 77 93 71 80 60 57 61 47 35 37 36 38 39 34 25 26 22 30 18 25 19 20 9 23 12 6 4 4 2 3 2 1 3 1 0 0 0 0 0 0 0 0 0 0 0 0 0 0 0 1 0 0 0 6 0 0 0 0 0 0 0 0 0 
0 0 0 0 0 0 0 0 0 0 0 0 0 0 0 0 0 0 0 0 0 0 18 20 14 10 13 15 16 18 21 22 25 31 30 33 39 39 49 58 50 46 37 55 49 48 51 48 48 49 50 54 66 66 70 76 99 77 80 88 95 98 93 84 88 117 85 97 79 79 69 83 75 88 78 64 38 52 48 45 36 44 36 29 27 26 21 20 22 14 10 9 5 4 11 3 2 1 1 1 0 0 1 0 0 0 0 0 0 0 0 0 0 0 0 0 0 0 0 0 0 0 0 0 0 0 0 0 0 0 
0 0 0 0 0 0 0 0 0 0 0 0 0 0 0 0 0 0 0 0 0 0 36 38 38 26 34 30 39 55 53 66 74 81 62 88 82 81 118 123 131 85 122 129 94 117 113 103 119 120 122 138 141 133 146 173 191 200 224 204 224 203 237 255 216 201 223 251 221 219 206 200 191 195 172 144 161 139 144 120 91 96 82 77 71 66 42 41 31 27 26 15 13 16 6 2 7 4 2 0 2 1 1 0 0 0 0 0 0 0 0 0 0 0 0 0 0 1 0 0 0 0 0 0 0 0 0 0 0 0 
0 0 0 0 0 0 0 0 0 0 0 0 0 0 0 0 0 0 0 0 0 0 9 6 9 9 11 10 6 9 8 7 10 7 6 12 7 17 17 18 18 20 13 11 7 14 12 14 12 20 11 13 12 25 17 23 26 35 31 26 36 33 31 31 29 27 50 30 29 27 20 20 29 27 22 17 19 19 25 18 14 15 16 13 14 11 12 13 14 7 5 3 3 2 3 1 1 1 2 2 0 0 0 0 0 0 0 0 0 0 0 0 0 0 0 0 0 0 0 0 0 0 0 0 0 0 0 0 0 0 
0 0 0 0 0 0 0 0 0 0 0 0 0 0 0 0 0 0 0 0 0 0 45 41 33 19 38 30 33 37 53 51 59 43 68 96 78 89 80 106 109 122 114 111 104 95 106 116 117 123 139 147 138 160 158 159 198 189 209 195 213 218 180 224 211 197 222 176 167 207 188 200 169 188 158 132 120 136 103 109 106 88 83 76 55 56 32 38 30 24 22 15 9 10 6 7 3 5 1 0 1 0 2 0 0 0 0 0 0 0 0 0 0 0 0 0 0 0 0 0 0 0 0 0 0 0 0 0 0 0 
0 0 0 0 0 0 0 0 0 0 0 0 0 0 0 0 0 0 0 0 0 0 23 18 20 16 20 19 22 28 35 26 35 34 47 42 47 42 58 54 59 60 75 78 57 55 60 65 75 63 67 55 71 68 74 78 68 86 117 113 112 110 113 122 112 108 107 103 119 117 130 89 89 101 80 87 75 82 82 64 59 48 60 51 38 36 32 20 25 21 18 18 13 8 6 4 5 2 0 0 4 0 1 0 0 1 0 0 0 0 0 0 0 0 0 0 0 0 0 0 0 0 0 0 0 0 0 0 0 0 
0 0 0 0 0 0 0 0 0 0 0 0 0 0 0 0 0 0 0 0 0 0 63 44 40 12 24 21 23 32 38 46 53 54 58 75 68 77 102 94 111 110 108 111 114 106 106 100 104 117 141 119 132 116 113 151 155 156 146 156 173 171 184 174 199 168 165 167 161 166 132 162 130 147 101 79 101 82 77 74 63 70 51 53 57 43 26 24 29 27 16 14 15 18 11 15 5 3 0 2 2 0 1 0 0 0 0 0 0 0 0 0 0 0 0 0 0 0 0 0 0 0 0 0 0 0 0 0 0 0 
0 0 0 0 0 0 0 0 0 0 0 0 0 0 0 0 0 0 0 0 0 0 804 702 667 489 518 484 468 410 520 546 624 645 871 973 1093 1089 1337 1513 1511 1393 1450 1528 1509 1553 1678 1618 1683 1803 2177 2090 2102 2154 2222 2361 2447 2341 2506 2427 2605 2485 2356 2388 2242 2104 1956 1943 1920 1943 1687 1661 1621 1619 1439 1155 1066 1032 1012 870 757 661 636 509 471 375 319 271 256 218 168 127 102 95 66 52 36 32 14 12 6 5 0 2 0 2 0 0 0 0 0 0 0 0 0 0 0 0 0 0 1 0 0 0 0 0 0 0 0 0 
0 0 0 0 0 0 0 0 0 0 0 0 0 0 0 0 0 0 0 0 0 0 21 13 13 16 10 10 15 18 11 20 26 16 36 31 27 34 48 52 50 45 53 51 47 51 43 44 40 54 53 48 55 54 55 60 62 62 83 89 96 79 92 100 98 87 113 90 71 73 90 71 52 59 50 47 53 49 62 48 54 42 37 31 32 37 36 22 24 19 21 11 9 11 5 5 2 1 2 1 0 0 0 1 1 0 0 0 0 0 0 0 0 0 0 0 0 0 0 0 1 0 0 0 0 0 0 0 0 0 
0 0 0 0 0 0 0 0 0 0 0 0 0 0 0 0 0 0 0 0 0 0 23 16 13 10 9 15 9 17 8 18 22 19 23 24 30 30 32 31 40 33 32 38 24 26 31 40 30 36 44 33 39 46 46 47 51 60 68 65 70 82 64 64 75 59 72 45 52 47 44 38 33 30 47 27 28 26 24 28 23 16 20 25 21 21 19 22 4 10 13 2 8 3 0 0 2 0 0 0 0 0 0 0 0 0 0 0 0 0 0 0 0 0 0 0 0 0 0 0 0 0 0 0 0 0 0 0 0 0 
0 0 0 0 0 0 0 0 0 0 0 0 0 0 0 0 0 0 0 0 0 0 85 79 63 42 56 56 52 82 95 103 88 126 146 131 171 167 193 207 222 226 211 245 205 231 226 236 234 257 301 263 262 301 292 284 317 334 339 406 387 403 404 413 407 384 402 416 432 398 334 333 364 318 283 246 245 218 214 177 159 138 115 134 131 99 89 67 58 63 45 34 29 30 9 25 6 7 4 0 1 1 0 0 0 1 0 0 0 0 0 0 0 0 0 0 1 0 0 0 6 0 0 0 0 0 0 0 0 0 
0 0 0 0 0 0 0 0 0 0 0 0 0 0 0 0 0 0 0 0 0 0 351 283 279 183 188 193 221 219 299 362 381 432 564 625 717 677 812 902 929 893 938 997 956 947 985 961 971 1043 1143 1027 1087 1122 1036 1060 1142 1183 1152 1065 1075 1081 987 1008 911 862 816 788 775 750 721 680 674 749 587 508 494 495 470 375 367 300 285 228 217 181 147 125 97 86 59 61 44 35 34 17 8 12 2 4 2 2 0 0 2 0 0 0 0 0 0 0 0 0 0 0 0 0 0 0 3 0 0 0 0 0 0 0 0 0 
0 0 0 0 0 0 0 0 0 0 0 0 0 0 0 0 0 0 0 0 0 0 32 22 17 9 17 13 14 12 26 22 43 34 23 52 46 50 59 45 45 37 48 49 51 49 49 40 42 60 55 53 59 63 67 59 79 79 95 84 89 88 108 92 97 111 96 86 92 75 76 70 58 77 48 47 51 52 48 63 42 38 38 34 37 23 24 21 19 14 18 6 12 5 4 6 1 1 2 2 0 0 0 0 0 0 0 0 0 0 0 0 0 0 0 0 0 0 0 0 0 0 0 0 0 0 0 0 0 0 
