0 0 0 0 0 0 0 0 0 0 0 0 0 0 0 0 0 0 0 0 0 0 0 1 0 0 35 43 38 41 54 54 50 53 62 55 55 60 96 63 64 83 70 78 78 70 76 70 83 87 104 112 94 103 110 147 156 169 193 195 222 199 220 219 237 230 228 269 226 237 206 235 209 253 212 154 165 200 175 155 126 143 120 105 88 73 58 37 44 35 28 22 18 14 17 6 3 4 3 4 3 0 0 0 0 0 0 0 0 0 0 0 0 0 0 0 0 0 0 0 1 0 0 0 0 0 0 0 0 0 
0 0 0 0 0 0 0 0 0 0 0 0 0 0 0 0 0 0 0 0 0 0 3 4 0 1 1705 1942 1894 2075 2144 2235 2228 2383 2598 2784 2745 2738 3010 3064 2955 2922 2916 2801 2652 2790 2929 2662 2819 3202 3516 3317 3280 3293 3284 3569 3795 3947 3949 4053 3959 3930 3680 3572 3306 3130 3029 2848 2745 2669 2456 2397 2284 2390 2116 1564 1629 1625 1495 1253 1188 980 820 828 709 649 580 455 400 341 270 188 187 132 108 69 60 38 25 14 11 5 2 4 3 1 0 0 2 0 0 0 0 0 0 0 0 0 0 0 4 0 0 0 0 0 0 0 0 0 
0 0 0 0 0 0 0 0 0 0 0 0 0 0 0 0 0 0 0 0 0 0 0 0 0 0 104 80 98 109 104 117 127 153 135 179 163 170 167 206 193 222 192 212 196 192 190 202 174 183 198 194 249 191 237 258 229 278 291 309 342 313 325 378 376 371 323 355 371 302 332 308 334 322 269 236 244 236 200 189 168 161 147 137 103 105 93 88 65 63 43 39 39 27 8 14 16 8 8 4 4 2 2 1 0 0 0 0 0 0 0 0 0 0 0 0 0 0 0 0 0 0 0 0 0 0 0 0 0 0 
0 0 0 0 0 0 0 0 0 0 0 0 0 0 0 0 0 0 0 0 0 0 0 0 1 0 191 187 193 207 195 216 199 221 226 255 267 245 263 282 312 300 248 290 253 245 251 226 248 264 259 270 230 258 245 292 348 352 341 348 387 378 413 429 386 394 404 383 375 410 363 359 338 344 298 229 229 200 195 175 177 138 148 128 129 94 106 81 73 51 64 50 35 26 20 19 17 7 5 5 1 0 1 2 0 1 0 0 0 0 0 0 0 0 0 0 0 0 0 0 1 0 0 0 0 0 0 0 0 0 
0 0 0 0 0 0 0 0 0 0 0 0 0 0 0 0 0 0 0 0 0 0 0 0 0 0 225 211 188 216 239 247 239 245 280 289 317 328 328 371 376 376 337 324 307 279 304 271 295 297 314 301 352 291 344 332 351 336 368 339 391 345 313 320 279 319 309 285 308 305 266 264 229 265 196 158 173 177 156 129 110 118 121 93 87 70 84 63 66 54 36 25 31 20 18 19 18 8 12 4 3 2 2 0 0 0 0 0 0 1 0 0 0 0 0 0 0 0 0 0 1 0 0 0 0 0 0 0 0 0 
0 0 0 0 0 0 0 0 0 0 0 0 0 0 0 0 0 0 0 0 0 0 0 0 0 0 11 13 12 17 16 18 17 19 16 23 28 26 24 28 27 27 27 15 24 17 20 24 30 32 24 36 21 34 38 27 45 42 53 62 60 63 51 56 66 60 59 56 73 47 41 66 68 39 40 37 36 39 41 26 36 35 38 28 16 26 29 23 19 10 24 11 10 8 2 4 5 2 2 4 0 0 0 0 0 0 0 0 0 0 0 0 0 0 0 0 0 0 0 0 0 0 0 0 0 0 0 0 0 0 
0 0 0 0 0 0 0 0 0 0 0 0 0 0 0 0 0 0 0 0 0 0 0 0 0 1 373 332 332 334 354 321 365 344 382 414 410 423 443 477 475 453 406 422 378 413 375 348 371 372 408 399 424 413 398 407 436 430 434 510 487 506 525 498 539 531 567 486 572 488 460 482 404 394 359 286 290 302 282 227 215 194 210 183 160 159 129 118 117 109 78 79 54 50 32 26 28 17 14 5 5 1 1 1 0 1 0 0 0 0 0 0 0 0 0 0 0 0 0 0 0 0 0 0 0 0 0 0 0 0 
0 0 0 0 0 0 0 0 0 0 0 0 0 0 0 0 0 0 0 0 0 0 0 0 0 0 116 90 75 96 94 127 115 139 133 155 156 179 160 155 172 165 158 154 160 128 156 149 148 156 156 168 189 165 211 213 227 234 281 264 307 265 281 287 273 274 278 272 241 244 219 212 213 231 197 152 160 163 165 141 129 136 106 119 112 85 85 92 82 63 61 44 48 37 16 14 16 8 9 8 0 4 1 3 0 0 0 1 0 0 0 0 1 0 0 0 0 0 0 0 3 0 0 0 0 0 0 0 0 0 
0 0 0 0 0 0 0 0 0 0 0 0 0 0 0 0 0 0 0 0 0 0 0 0 0 0 168 148 172 159 178 197 193 201 210 209 220 251 265 247 258 263 259 240 256 227 254 260 264 283 274 287 319 264 299 314 353 331 362 399 364 378 346 373 377 367 358 321 318 342 321 269 285 295 241 163 165 219 183 174 128 142 120 125 92 100 110 79 85 68 60 40 39 18 18 12 15 5 3 1 3 0 1 0 0 0 1 0 0 0 0 0 0 0 0 0 0 0 0 0 0 0 0 0 0 0 0 0 0 0 
0 0 0 0 0 0 0 0 0 0 0 0 0 0 0 0 0 0 0 0 0 0 0 0 0 0 506 468 476 471 601 624 719 699 745 909 883 966 1063 1052 1028 1045 1049 1122 940 1014 1004 962 1010 1119 1147 1177 1186 1132 1216 1234 1302 1267 1282 1258 1222 1166 1115 1069 1005 921 863 808 755 743 652 645 578 579 507 384 392 419 356 340 328 263 252 223 184 174 147 138 120 127 76 63 59 44 39 30 16 10 6 3 3 3 2 1 1 1 0 0 0 0 0 0 0 0 1 0 0 0 0 0 6 0 0 0 0 0 0 0 0 0 
0 0 0 0 0 0 0 0 0 0 0 0 0 0 0 0 0 0 0 0 0 0 0 0 1 0 98 101 96 94 87 111 100 102 135 134 155 129 157 148 153 156 169 166 158 156 169 168 181 155 205 216 224 228 252 217 247 297 317 364 357 390 404 377 369 430 419 419 410 403 380 361 331 352 313 278 271 287 280 251 238 179 175 112 118 126 80 73 76 50 30 27 29 23 12 11 9 6 5 4 2 1 0 1 2 0 0 0 0 0 0 0 0 0 0 0 0 0 0 0 1 0 0 0 0 0 0 0 0 0 
0 0 0 0 0 0 0 0 0 0 0 0 0 0 0 0 0 0 0 0 0 0 0 1 0 0 38 36 37 52 62 45 52 60 47 67 71 57 81 70 63 79 69 65 68 78 65 61 77 62 58 77 77 84 81 86 101 106 109 124 113 113 129 114 133 134 123 118 105 125 97 116 110 85 80 71 95 83 75 53 92 57 38 62 51 44 30 36 34 31 24 28 26 20 13 13 6 4 5 1 3 0 0 1 1 0 0 0 0 0 0 0 0 0 0 0 0 0 0 0 0 0 0 0 0 0 0 0 0 0 
0 0 0 0 0 0 0 0 0 0 0 0 0 0 0 0 0 0 0 0 0 0 0 1 0 0 247 256 259 295 300 308 313 355 390 391 405 405 488 464 463 462 409 450 427 460 453 403 449 532 528 595 510 564 580 624 660 707 672 668 675 684 633 603 575 552 542 478 495 462 443 424 391 419 377 285 307 331 289 220 197 173 176 137 131 123 102 92 61 58 58 40 36 27 21 13 13 8 0 5 3 3 1 0 0 0 0 0 0 0 0 0 0 0 0 0 0 0 0 0 0 0 0 0 0 0 0 0 0 0 
0 0 0 0 0 0 0 0 0 0 0 0 0 0 0 0 0 0 1 0 0 0 1 1 0 0 249 241 226 233 221 229 243 266 270 280 280 260 319 376 363 405 410 395 358 340 335 334 334 348 361 380 352 323 388 339 369 410 439 433 471 444 446 439 428 423 412 437 395 377 364 332 288 317 305 232 229 256 229 202 183 175 176 138 160 167 147 110 107 92 75 59 60 51 22 26 25 11 12 4 8 0 1 2 1 0 0 0 0 0 0 0 0 0 0 0 0 0 0 0 2 0 0 0 0 0 0 0 0 0 
0 0 0 0 0 0 0 0 0 0 0 0 0 0 0 0 0 0 0 0 0 0 0 0 0 0 31 30 27 28 27 29 30 28 36 39 43 46 56 41 47 55 51 49 41 53 42 49 54 56 66 47 69 41 50 60 64 57 78 75 83 91 84 78 86 81 80 77 72 76 80 70 70 67 65 54 42 63 49 49 35 36 52 33 42 28 29 20 21 9 11 12 11 5 7 2 2 2 2 0 1 0 1 0 0 0 0 0 0 0 0 0 0 0 0 0 0 0 0 0 0 0 0 0 0 0 0 0 0 0 
0 0 0 0 0 0 0 0 0 0 0 0 0 0 0 0 0 0 0 0 0 0 0 0 0 0 23 18 20 15 24 23 24 18 28 25 31 25 27 31 34 38 29 36 21 33 43 25 22 38 39 42 33 43 53 37 49 57 46 74 86 78 74 79 80 99 82 86 88 96 66 88 69 84 65 58 49 66 47 40 38 30 35 22 25 13 15 14 10 14 13 7 3 6 5 3 3 2 3 1 0 0 0 0 0 0 0 0 0 0 0 0 0 0 0 0 0 0 0 0 0 0 0 0 0 0 0 0 0 0 
0 0 0 0 0 0 0 0 0 0 0 0 0 0 0 0 0 0 0 0 0 0 0 0 0 0 34 42 38 27 44 41 51 38 35 43 39 60 50 51 53 62 57 70 54 57 60 49 51 51 73 75 76 78 81 78 91 79 98 107 110 116 117 108 98 111 117 112 113 104 93 110 87 103 90 82 80 68 68 66 67 58 68 47 41 47 49 39 33 32 25 26 14 17 13 9 7 6 3 5 1 1 0 0 0 2 0 0 0 0 0 0 0 0 0 0 0 0 0 0 0 0 0 0 0 0 0 0 0 0 
0 0 0 0 0 0 0 0 0 0 0 0 0 0 0 0 0 0 0 0 0 0 0 0 0 0 241 301 264 294 296 306 265 325 355 376 405 431 415 419 495 482 464 429 382 413 378 409 409 503 484 475 471 457 511 573 611 629 666 748 692 738 759 734 784 749 734 736 780 757 697 692 689 677 601 476 473 541 523 445 406 355 344 278 279 210 176 162 168 118 120 107 79 87 34 23 18 15 12 8 5 7 0 0 0 1 0 0 0 0 0 0 0 0 0 0 0 0 1 0 32 0 0 0 0 0 0 0 0 0 
0 0 0 0 0 0 0 0 0 0 0 0 0 0 0 0 0 0 7 0 4 3 7 9 1 2 2101 2170 2211 2349 2512 2536 2696 2777 3013 3302 3307 3389 3401 3614 3770 3670 3512 3505 3335 3340 3489 3321 3458 3848 4222 4190 4025 3882 4022 4306 4624 4698 4795 4864 4815 4793 4505 4491 4152 4032 3813 3569 3515 3364 3066 2974 2852 2926 2531 1988 1937 1989 1853 1599 1426 1208 1187 1058 909 822 718 655 629 488 411 360 277 234 185 103 97 60 56 35 20 18 4 7 2 3 3 1 0 0 0 0 0 0 0 2 2 0 0 0 34 0 0 0 0 0 0 0 0 0 
0 0 0 0 0 0 0 0 0 0 0 0 0 0 0 0 0 0 0 0 0 1 0 0 0 0 80 92 85 87 99 105 103 122 128 136 158 150 173 157 164 185 178 172 164 156 184 180 160 190 188 163 208 166 169 174 204 198 205 211 188 205 192 208 180 176 171 184 177 153 138 132 134 124 103 95 98 86 83 84 69 65 61 53 57 44 45 32 29 32 30 19 20 12 7 9 2 4 1 4 2 0 1 0 0 0 0 0 0 0 0 0 0 0 0 0 0 0 0 0 2 1 0 0 0 0 0 0 0 0 
0 0 0 0 0 0 0 0 0 0 0 0 0 0 0 0 0 0 0 0 0 0 0 0 0 0 150 170 164 150 174 189 187 201 216 251 222 232 275 270 255 288 276 293 246 267 240 222 251 272 296 307 296 288 327 284 363 361 418 407 417 462 469 440 449 440 466 420 466 401 421 407 365 404 322 314 320 310 311 260 254 204 206 188 170 127 119 102 92 87 69 50 42 41 38 18 13 12 7 7 3 4 4 2 0 0 0 0 0 0 0 0 0 0 0 0 0 0 0 0 1 0 0 0 0 0 0 0 0 0 
0 0 0 0 0 0 0 0 0 0 0 0 0 0 0 0 0 0 0 0 0 0 0 0 0 0 46 43 52 41 51 56 55 62 61 70 74 61 61 89 75 72 76 111 93 70 79 62 82 76 72 76 116 91 124 107 123 113 143 130 123 158 158 176 178 177 142 148 147 138 120 122 110 134 125 96 103 91 106 83 74 71 72 61 67 48 49 47 25 25 33 26 20 15 8 8 13 5 4 3 2 1 0 1 1 0 1 0 0 0 0 0 0 0 0 0 0 0 0 0 0 0 0 0 0 0 0 0 0 0 
0 0 0 0 0 0 0 0 0 0 0 0 0 0 0 0 0 0 0 0 0 0 0 0 0 0 59 60 65 73 76 79 87 82 111 109 113 131 127 161 141 144 134 149 145 110 133 117 104 162 157 145 96 147 172 165 186 211 198 207 215 230 217 227 231 231 235 222 206 200 196 195 168 173 158 137 152 149 123 122 122 99 83 82 74 79 77 69 55 59 46 36 30 19 16 15 10 4 5 6 6 2 1 0 0 0 0 0 0 0 0 0 0 0 0 0 0 0 0 0 1 0 0 0 0 0 0 0 0 0 
0 0 0 0 0 0 0 0 0 0 0 0 0 0 0 0 0 0 0 0 0 0 0 1 0 0 93 92 119 98 122 127 135 144 146 144 162 156 174 174 178 171 181 180 167 176 163 185 149 178 202 189 211 220 194 240 241 286 302 305 356 311 340 314 321 341 324 289 293 318 276 251 257 303 255 244 188 218 185 188 162 178 149 158 129 125 117 98 78 77 62 59 47 41 37 15 19 12 11 3 3 4 0 0 0 0 0 0 0 0 0 0 0 0 0 0 0 0 0 0 1 0 0 0 0 0 0 0 0 0 
0 0 0 0 0 0 0 0 0 0 0 0 0 0 0 0 0 0 0 0 0 0 0 1 1 0 184 177 207 225 262 223 245 262 275 314 302 337 364 326 353 327 299 313 329 326 302 282 320 353 368 382 352 400 390 446 476 483 561 521 554 541 498 553 530 532 537 478 480 482 407 404 402 407 362 315 301 305 250 263 230 206 184 199 191 157 104 100 106 110 72 56 59 46 32 22 30 21 6 9 3 2 1 0 0 1 1 0 0 0 0 0 0 0 0 0 1 0 0 1 0 0 0 0 0 0 0 0 0 0 
0 0 0 0 0 0 0 0 0 0 0 0 0 0 0 0 0 0 0 0 0 0 0 0 0 0 28 25 22 27 33 24 30 29 32 31 35 45 42 47 45 37 42 46 47 35 45 36 37 37 26 44 42 38 43 36 62 49 69 76 55 57 66 66 77 66 58 66 54 66 60 64 67 65 50 42 32 43 42 47 32 37 23 34 30 25 11 23 14 12 16 9 8 6 7 3 4 2 1 0 2 0 0 0 0 0 0 0 0 0 0 0 0 0 0 0 0 0 1 0 2 0 0 0 0 0 0 0 0 0 
0 0 0 0 0 0 0 0 0 0 0 0 0 0 0 0 0 0 1 0 2 3 1 5 6 5 7718 8241 8294 8213 8772 9117 9048 9218 9585 9720 9828 10007 10330 10227 10127 9724 9399 9209 8655 8563 8602 8424 8555 9441 10641 10412 10143 9929 9913 10511 11085 11427 11743 11768 11936 11982 11539 11465 11185 10676 10490 10156 9736 9460 8842 8472 7943 8055 6964 5585 5319 5320 5031 4272 3875 3481 3346 3105 2752 2564 2224 1939 1860 1633 1411 1213 996 890 652 504 402 263 215 121 74 50 27 13 7 7 3 1 0 0 0 0 0 0 1 0 0 0 0 0 322 0 1 0 1 0 1 0 0 0 
0 0 0 0 0 0 0 0 0 0 0 0 0 0 0 0 0 0 0 0 0 0 0 0 0 0 63 61 53 68 60 73 58 69 74 78 85 97 104 114 115 128 107 126 103 89 109 97 112 141 142 141 116 157 154 131 171 178 203 228 221 254 228 232 218 227 218 206 190 189 204 170 165 157 168 146 149 123 111 94 94 84 81 70 54 60 76 54 52 41 33 29 20 24 13 11 10 4 6 4 0 4 0 0 0 0 0 0 0 0 0 0 0 0 0 0 0 0 0 0 1 0 0 0 0 0 0 0 0 0 
0 0 0 0 0 0 0 0 0 0 0 0 0 0 0 0 0 0 0 0 0 0 0 0 0 0 74 60 54 65 63 98 71 93 95 101 123 110 125 156 134 126 114 119 125 114 135 133 125 136 135 154 139 117 151 173 210 211 217 251 258 236 241 275 247 250 232 257 255 293 275 240 248 227 215 176 173 185 171 140 131 143 103 91 111 81 62 51 41 36 39 17 24 17 10 6 4 6 3 4 0 3 0 0 0 0 0 0 0 0 0 0 0 0 0 0 0 0 0 1 1 0 0 0 0 0 0 0 0 0 
0 0 0 0 0 0 0 0 0 0 0 0 0 0 0 0 0 0 0 0 0 1 1 0 0 0 177 212 210 229 243 262 266 276 283 315 274 316 305 337 336 356 304 277 262 287 262 305 320 354 361 352 324 372 367 377 414 460 447 450 436 446 438 393 413 378 344 360 344 347 311 311 299 300 234 196 209 255 200 170 162 171 150 132 108 100 77 74 73 57 43 35 37 16 19 8 8 6 3 1 0 0 2 0 0 0 0 0 0 0 0 0 0 0 0 0 0 0 0 0 8 0 0 0 0 0 0 0 0 0 
0 0 0 0 0 0 0 0 0 0 0 0 0 0 0 0 0 0 0 0 1 1 2 0 0 0 137 129 158 163 175 166 190 190 200 223 247 225 239 278 254 275 305 261 275 265 248 257 273 326 296 298 279 286 329 377 385 395 432 435 476 482 534 492 557 530 575 572 563 595 502 423 513 465 397 319 335 349 350 278 259 246 212 155 167 136 122 116 99 73 86 62 49 45 29 14 14 6 7 4 1 1 2 1 0 0 0 0 0 0 2 0 0 0 0 0 0 0 0 0 4 0 0 0 0 0 0 0 0 0 
0 0 0 0 0 0 0 0 0 0 0 0 0 0 0 0 0 0 0 0 0 0 0 0 0 0 40 23 33 33 38 29 44 34 49 49 46 49 62 65 70 58 59 55 47 65 75 68 59 70 73 83 70 74 70 72 74 93 97 103 110 136 133 100 119 119 98 120 110 96 105 87 71 77 57 59 55 54 54 62 63 44 54 40 42 40 36 31 30 19 15 15 11 12 11 4 3 2 6 2 1 0 1 0 0 0 0 0 0 0 0 0 0 0 0 0 0 0 0 3 0 0 0 0 0 0 0 0 0 0 
0 0 0 0 0 0 0 0 0 0 0 0 0 0 0 0 0 0 0 0 0 0 0 0 0 0 72 45 58 51 70 66 68 63 85 83 86 99 93 107 104 92 108 105 110 97 93 105 125 117 134 108 92 136 106 123 131 142 163 172 166 163 198 203 166 202 192 159 162 184 167 139 134 143 125 106 85 98 104 93 73 68 75 58 56 49 41 31 30 28 22 12 10 14 8 8 5 1 0 2 1 0 0 0 0 0 0 0 0 0 0 0 0 0 0 0 0 0 0 0 0 0 0 0 0 0 0 0 0 0 
0 0 0 0 0 0 0 0 0 0 0 0 0 0 0 0 0 0 0 0 0 2 0 1 0 0 134 195 181 160 159 187 211 207 196 217 229 252 283 267 295 271 274 243 254 213 248 234 274 261 273 281 261 269 305 334 316 347 401 410 453 427 423 481 442 475 448 433 423 405 351 375 327 331 284 253 245 283 231 226 187 193 158 156 152 126 93 106 80 77 63 56 44 32 41 28 24 21 9 8 1 6 3 1 1 0 2 0 0 0 0 0 0 0 0 0 0 0 0 0 3 0 0 0 0 0 0 0 0 0 
0 0 0 0 0 0 0 0 0 0 0 0 0 0 0 0 0 0 0 0 0 0 0 0 0 0 14 14 15 11 19 23 9 23 15 15 20 23 22 20 26 22 24 26 15 20 24 20 22 29 38 36 28 28 27 33 34 40 46 48 35 43 40 51 58 45 50 46 61 47 40 50 40 42 43 38 44 30 29 22 22 25 20 18 16 19 10 13 4 20 12 9 12 5 3 4 1 1 0 0 1 0 0 0 0 0 0 0 0 0 0 0 0 0 0 0 0 0 0 0 0 0 0 0 0 0 0 0 0 0 
0 0 0 0 0 0 0 0 0 0 0 0 0 0 0 0 0 0 0 0 0 0 0 0 0 0 29 27 25 49 37 31 40 45 33 41 42 50 47 57 58 56 49 55 53 54 61 65 72 74 71 69 81 82 100 98 99 115 112 115 106 117 131 146 160 130 134 133 134 156 149 120 119 124 99 69 88 83 78 69 55 61 54 53 46 51 29 27 21 30 11 19 10 8 10 6 4 2 2 3 0 2 0 0 0 1 0 0 0 0 0 0 0 0 0 0 0 0 0 0 2 0 0 0 0 0 0 0 0 0 
0 0 0 0 0 0 0 0 0 0 0 0 0 0 0 0 0 0 0 0 0 0 0 0 0 0 17 17 21 21 27 22 23 22 23 43 34 40 43 40 40 32 35 40 35 45 33 33 42 35 35 46 42 44 37 45 53 60 71 73 82 81 92 97 99 86 82 97 92 94 81 60 62 68 57 49 49 42 44 42 45 48 37 32 33 23 25 25 17 27 12 17 12 13 12 9 4 4 4 0 2 4 1 0 0 0 0 0 0 0 0 0 0 0 0 0 0 0 0 0 0 0 0 0 0 0 0 0 0 0 
0 0 0 0 0 0 0 0 0 0 0 0 0 0 0 0 0 0 0 0 0 0 0 0 0 0 29 35 40 38 39 55 48 68 64 64 57 70 69 72 98 83 70 76 70 78 74 68 69 71 77 69 81 73 102 80 102 105 112 122 150 162 153 152 160 140 176 176 131 156 136 137 115 107 105 92 79 95 88 93 65 53 67 56 63 53 37 37 31 29 26 25 12 16 7 6 10 4 2 0 0 2 0 1 0 0 0 0 0 0 0 0 0 0 0 0 0 0 0 1 2 0 0 0 0 0 0 0 0 0 
0 0 0 0 0 0 0 0 0 0 0 0 0 0 0 0 0 0 0 0 0 0 0 0 0 0 15 9 7 12 16 13 19 14 17 20 19 12 18 18 21 27 19 22 13 15 13 20 17 19 21 17 24 29 38 42 31 41 46 37 36 45 58 40 54 62 58 63 51 48 47 55 47 39 30 24 25 35 25 19 18 30 23 25 21 12 5 13 8 8 9 4 3 3 3 2 1 3 0 1 1 1 0 0 0 0 0 0 0 0 0 0 0 0 0 0 0 0 0 0 0 0 0 0 0 0 0 0 0 0 
0 0 0 0 0 0 0 0 0 0 0 0 0 0 0 0 0 0 0 0 0 0 0 0 0 0 119 127 112 125 149 160 131 157 169 189 166 192 232 227 224 234 223 249 196 211 176 186 214 231 285 247 266 250 264 279 306 311 324 298 321 323 276 326 274 292 314 240 263 236 246 248 229 214 204 169 139 159 176 134 142 115 116 91 90 68 71 57 44 46 44 19 22 19 18 15 3 0 5 5 3 1 0 0 1 1 0 0 0 0 0 0 0 0 0 0 0 0 0 0 0 0 0 0 0 0 0 0 0 0 
0 0 0 0 0 0 0 0 0 0 0 0 0 0 0 0 0 0 0 0 0 0 0 0 0 0 18 14 13 19 15 22 19 30 24 27 25 22 26 29 26 30 22 38 29 37 24 28 33 51 36 38 29 39 42 47 41 44 34 63 67 47 61 52 54 56 58 59 57 61 59 41 48 43 39 36 42 34 34 31 29 32 36 26 30 25 23 18 19 18 14 13 15 6 7 3 3 4 2 2 2 0 0 1 0 0 0 1 0 0 0 0 0 0 0 0 0 0 0 0 1 0 0 0 0 0 0 0 0 0 
0 0 0 0 0 0 0 0 0 0 0 0 0 0 0 0 0 0 0 0 0 0 0 2 0 0 70 83 107 93 109 115 118 95 118 120 128 139 152 160 163 171 169 133 157 143 165 130 139 171 158 173 145 156 167 163 203 219 214 214 221 194 241 245 240 212 228 193 197 168 192 140 165 162 137 118 129 126 117 95 108 93 88 64 92 65 52 57 50 51 47 31 27 32 19 16 3 7 6 0 2 0 2 0 0 1 0 0 0 0 0 0 0 0 0 0 0 0 0 0 0 0 0 0 0 0 0 0 0 0 
0 0 0 0 0 0 0 0 0 0 0 0 0 0 0 0 0 0 0 1 0 0 1 3 0 0 149 142 160 174 154 175 207 175 212 227 216 229 223 217 244 260 247 261 236 234 259 225 294 294 330 306 261 291 309 324 323 342 349 366 366 375 333 320 368 315 324 308 307 299 270 293 270 294 260 219 218 216 210 192 184 158 142 140 130 102 104 79 75 60 53 39 41 21 14 20 14 6 10 5 1 2 1 0 1 0 0 0 0 0 0 0 0 0 0 0 0 0 0 0 0 0 0 0 0 0 0 0 0 0 
0 0 0 0 0 0 0 0 0 0 0 0 0 0 0 0 0 0 0 0 0 0 0 0 0 0 14 8 6 13 15 17 9 15 18 22 23 18 20 15 19 19 21 31 23 22 22 17 32 20 19 30 18 30 24 24 32 32 37 44 50 52 32 40 43 47 46 47 36 40 44 40 46 35 35 28 31 27 29 21 26 14 14 16 12 16 14 13 14 8 7 5 4 4 3 4 3 2 0 2 0 0 0 0 0 0 0 0 0 0 0 0 0 0 0 0 0 0 0 0 0 0 0 0 0 0 0 0 0 0 
0 0 0 0 0 0 0 0 0 0 0 0 0 0 0 0 0 0 0 0 0 0 0 0 0 0 27 33 27 25 35 25 30 30 35 48 55 46 40 35 48 58 46 42 44 44 43 49 54 58 57 55 46 57 60 65 82 81 76 82 89 89 95 93 96 96 120 94 98 92 100 75 75 80 79 53 59 50 52 40 46 52 57 37 33 34 27 20 17 21 17 9 15 13 6 4 5 3 2 3 1 0 1 1 0 0 0 0 0 0 0 0 0 0 0 0 0 0 0 0 0 0 0 0 0 0 0 0 0 0 
0 0 0 0 0 0 0 0 0 0 0 0 0 0 0 0 0 0 0 0 0 0 0 1 0 0 72 70 61 71 76 68 59 80 91 102 106 105 113 105 120 115 114 113 87 97 132 98 107 126 129 129 117 131 150 141 143 153 197 184 203 207 205 210 250 218 198 210 204 202 174 198 185 181 142 126 141 142 123 110 101 85 89 86 87 78 64 46 62 69 44 40 29 27 24 12 9 8 7 2 2 2 0 0 1 0 0 0 0 0 0 0 0 0 0 0 0 0 0 0 0 0 0 0 0 0 0 0 0 0 
0 0 0 0 0 0 0 0 0 0 0 0 0 0 0 0 0 0 0 0 0 0 0 0 0 0 77 88 95 78 111 91 114 122 125 136 132 153 139 160 167 162 160 155 146 150 180 155 151 195 173 176 159 187 184 198 196 245 221 275 256 258 256 231 235 258 265 259 252 227 226 211 178 149 173 139 139 141 142 128 98 101 95 94 82 77 46 43 55 40 40 24 25 26 17 9 5 5 1 4 2 3 0 0 0 0 0 0 0 0 0 0 0 0 0 0 0 0 0 0 0 0 0 0 0 0 0 0 0 0 
0 0 0 0 0 0 0 0 0 0 0 0 0 0 0 0 0 0 0 0 0 0 0 1 1 0 93 104 113 92 137 112 137 124 119 138 151 129 177 169 201 175 170 190 146 172 185 165 170 182 189 201 217 204 157 207 213 247 270 268 278 248 281 247 237 231 240 228 247 207 189 174 229 209 178 150 124 163 156 144 146 130 96 84 92 85 55 56 44 42 40 33 16 21 10 10 7 2 5 3 2 0 0 0 0 0 0 0 0 0 0 0 0 0 0 0 0 0 0 0 3 0 0 0 0 0 0 0 0 0 
0 0 0 0 0 0 0 0 0 0 0 0 0 0 0 0 0 0 0 0 0 0 0 0 0 0 119 127 121 138 115 156 162 183 181 208 198 211 214 229 219 244 243 247 223 183 186 170 216 225 281 244 225 246 281 279 310 327 343 314 361 335 371 376 369 392 327 333 337 312 313 298 269 275 234 192 208 205 224 161 159 151 118 144 92 88 89 87 81 59 57 49 32 34 14 17 9 6 3 5 0 2 0 1 0 0 0 0 0 0 0 0 0 0 0 1 0 0 0 0 1 0 0 0 0 0 0 0 0 0 
0 0 0 0 0 0 0 0 0 0 0 0 0 0 0 0 0 0 0 0 0 0 0 0 0 2 111 125 115 165 138 161 150 131 160 179 178 195 213 210 211 230 183 181 176 181 221 190 217 227 248 250 230 231 255 282 292 297 327 326 342 360 331 330 327 320 317 312 319 312 295 310 288 267 262 175 193 189 190 189 159 174 135 114 144 118 113 105 118 96 72 60 60 49 30 24 20 15 9 10 4 2 1 3 2 0 0 0 0 0 0 0 0 0 0 0 0 0 0 0 1 0 0 0 0 0 0 0 0 0 
0 0 0 0 0 0 0 0 0 0 0 0 0 0 0 0 0 0 0 0 0 0 0 0 0 0 18 19 21 25 27 34 32 35 33 45 51 33 43 56 57 41 56 57 48 58 42 40 49 46 53 49 57 58 67 69 79 66 98 59 96 89 100 106 101 99 95 102 96 104 82 89 98 73 73 74 65 65 62 51 54 46 43 45 40 40 32 36 24 20 23 24 19 9 8 3 3 3 5 1 0 0 0 0 0 0 0 0 0 0 0 0 0 0 0 0 0 0 0 0 0 0 0 0 0 0 0 0 0 0 
0 0 0 0 0 0 0 0 0 0 0 0 0 0 0 0 0 0 0 0 0 0 0 0 0 0 128 173 158 179 162 175 173 218 200 241 246 254 272 264 295 284 252 251 234 214 236 218 230 238 253 210 232 230 234 230 281 285 274 295 308 326 312 298 305 337 281 295 300 291 262 262 244 244 233 179 165 159 142 141 130 128 126 90 102 87 69 64 51 53 45 25 27 27 23 17 12 11 5 5 5 2 1 0 1 0 0 0 0 0 0 0 0 0 0 0 0 0 0 0 2 0 0 0 0 0 0 0 0 0 
0 0 0 0 0 0 0 0 0 0 0 0 0 0 0 0 0 0 0 0 0 0 0 0 0 0 47 53 55 47 58 61 65 72 69 56 65 64 72 76 75 87 61 73 74 75 70 62 78 103 102 97 105 87 113 137 118 159 151 130 132 176 147 176 171 159 181 152 143 154 125 126 120 108 114 108 95 114 92 84 91 81 69 76 56 43 51 39 47 31 22 28 15 16 22 6 7 5 2 7 2 2 0 0 0 0 0 0 0 0 0 0 0 0 0 0 0 0 0 0 0 0 0 0 0 0 0 0 0 0 
0 0 0 0 0 0 0 0 0 0 0 0 0 0 0 0 0 0 0 0 0 0 0 0 0 0 14 16 8 17 22 20 30 23 20 23 14 15 28 39 27 33 29 28 28 34 37 31 32 44 31 46 34 42 45 46 53 70 58 53 72 69 54 64 53 58 59 67 68 67 44 44 70 49 50 36 54 44 38 40 22 26 23 33 18 24 26 16 16 18 8 13 7 1 9 5 4 1 6 0 0 0 0 0 0 0 0 0 0 0 0 0 0 0 0 0 0 0 0 0 0 0 0 0 0 0 0 0 0 0 
0 0 0 0 0 0 0 0 0 0 0 0 0 0 0 0 0 0 4 0 0 0 2 3 1 1 736 782 714 715 780 863 786 829 911 988 1022 1084 1185 1104 1149 1107 1123 1103 1017 1101 992 968 972 1091 1220 1117 1078 1133 1143 1231 1310 1399 1410 1473 1550 1557 1570 1525 1434 1228 1273 1284 1222 1124 1055 931 961 988 892 713 750 733 758 617 581 545 529 505 452 422 338 279 283 246 214 158 135 118 77 68 55 30 24 13 9 5 3 1 0 1 0 0 0 0 0 0 0 0 0 0 0 0 0 0 0 0 0 0 0 0 0 0 0 0 
0 0 0 0 0 0 0 0 0 0 0 0 0 0 0 0 0 0 0 0 0 0 0 0 0 0 203 204 181 214 213 237 244 234 305 283 315 299 368 353 369 355 358 308 339 326 301 289 328 357 422 388 424 427 430 450 503 557 609 629 658 656 715 705 672 683 725 672 689 639 660 724 634 582 496 472 437 464 431 385 341 312 294 283 260 239 196 170 138 118 114 99 82 50 49 32 22 28 23 8 4 5 1 0 4 1 1 0 1 1 0 0 0 0 0 0 0 0 0 0 0 0 0 0 0 0 0 0 0 0 
0 0 0 0 0 0 0 0 0 0 0 0 0 0 0 0 0 0 0 0 0 0 0 0 0 0 37 56 46 45 57 58 59 69 56 67 69 65 67 77 91 77 77 71 79 83 98 88 108 85 85 84 87 68 85 96 91 99 102 118 136 135 138 115 133 124 115 138 115 95 104 103 89 81 105 74 67 69 77 55 60 56 38 57 40 31 35 38 21 19 16 19 10 13 7 5 4 4 3 2 2 0 0 0 0 0 0 0 0 0 0 0 0 0 0 0 0 0 0 0 0 0 0 0 0 0 0 0 0 0 
0 0 0 0 0 0 0 0 0 0 0 0 0 0 0 0 0 0 0 0 0 0 0 0 0 0 98 82 108 86 83 104 109 137 134 146 140 123 170 169 168 189 170 174 164 161 175 153 172 194 199 201 212 199 212 234 277 267 294 315 301 326 331 332 333 312 336 288 274 310 248 284 250 254 164 169 211 176 178 159 128 118 104 130 95 86 79 47 48 43 34 31 27 17 15 15 6 3 2 2 1 1 0 0 0 0 0 0 0 0 0 0 0 0 0 0 0 0 0 0 1 0 0 0 0 0 0 0 0 0 
0 0 0 0 0 0 0 0 0 0 0 0 0 0 0 0 0 0 0 0 0 0 0 0 0 0 31 19 33 23 29 26 32 23 44 46 33 38 53 46 47 45 45 39 35 54 57 47 49 63 66 61 50 53 71 65 73 84 84 98 88 84 90 85 113 89 111 84 70 64 84 85 64 64 71 60 54 46 54 47 43 38 55 45 39 30 40 30 33 27 24 17 16 13 10 5 5 3 4 1 0 3 1 0 1 0 0 0 0 0 0 0 0 0 0 0 0 0 0 0 0 0 0 0 0 0 0 0 0 0 
0 0 0 0 0 0 0 0 0 0 0 0 0 0 0 0 0 0 0 0 0 0 1 2 0 0 74 92 92 85 110 93 87 119 123 130 134 124 159 162 174 142 158 152 144 146 158 162 152 177 192 169 169 185 198 215 235 240 265 292 284 255 266 308 245 286 292 286 244 251 206 221 235 204 162 157 148 158 154 128 130 131 101 107 104 93 88 60 57 57 61 55 41 26 21 12 8 8 5 7 3 2 3 2 1 0 0 0 0 0 0 0 1 0 0 0 0 0 0 0 2 0 0 0 0 0 0 0 0 0 
0 0 0 0 0 0 0 0 0 0 0 0 0 0 0 0 0 0 0 0 0 0 0 0 0 0 43 43 33 41 47 37 54 50 68 67 85 80 87 87 81 85 75 62 77 61 70 65 68 75 81 77 85 78 78 91 101 108 114 131 132 145 119 167 150 152 146 151 115 132 146 138 129 120 110 94 88 82 75 66 70 50 59 48 51 38 37 25 26 19 20 21 20 12 10 5 5 4 0 3 1 1 1 0 0 0 0 0 0 0 0 0 0 0 0 0 0 0 0 0 0 0 1 0 0 0 0 0 0 0 
0 0 0 0 0 0 0 0 0 0 0 0 0 0 0 0 0 0 1 0 0 0 1 1 0 0 2917 3252 3233 3193 3516 3363 3438 3548 3494 3674 3727 3747 3910 3842 3701 3540 3501 3340 3209 3164 3144 3058 3162 3376 3729 3771 3816 3622 3709 3874 4165 4192 4430 4556 4768 4604 4666 4630 4505 4643 4358 4188 4143 4235 3791 3707 3370 3462 3060 2395 2300 2274 2248 1831 1757 1532 1472 1328 1277 1120 1010 933 873 762 668 541 463 376 332 233 175 127 91 78 35 21 3 2 5 6 2 0 1 0 1 0 0 0 0 1 0 0 0 0 5 0 0 0 0 0 0 0 0 0 
0 0 0 0 0 0 0 0 0 0 0 0 0 0 0 0 0 0 0 0 0 0 0 0 0 0 6 8 9 6 7 12 23 11 9 27 13 30 17 23 26 31 23 42 16 10 28 27 21 15 28 25 21 22 23 28 31 45 33 36 41 32 36 37 41 43 34 43 44 27 33 43 27 27 24 27 14 28 18 11 17 20 17 13 11 7 17 7 10 13 5 4 5 0 0 3 2 0 0 1 0 0 0 0 0 0 0 0 0 0 0 0 0 0 0 0 0 0 0 0 0 0 0 0 0 0 0 0 0 0 
0 0 0 0 0 0 0 0 0 0 0 0 0 0 0 0 0 0 0 0 0 0 0 0 0 0 55 49 54 63 61 67 69 77 67 87 61 91 88 85 87 67 83 82 85 87 94 87 88 98 88 97 105 110 106 121 116 126 124 133 154 148 144 163 151 165 121 156 129 140 128 120 118 118 107 97 93 93 80 91 82 73 79 55 46 46 41 36 23 38 27 16 17 18 17 8 10 8 6 4 1 1 2 0 0 0 0 0 0 0 0 0 0 0 0 0 0 0 0 0 0 0 0 0 0 0 0 0 0 0 
0 0 0 0 0 0 0 0 0 0 0 0 0 0 0 0 0 0 0 0 0 0 0 0 0 0 42 43 45 37 40 61 65 67 64 80 88 79 89 102 84 77 77 90 87 76 97 72 82 92 93 111 98 113 122 98 131 148 133 145 150 173 164 168 160 180 156 150 133 141 123 124 112 116 97 85 94 97 96 86 73 70 67 56 47 45 62 43 39 39 26 21 18 13 7 7 5 5 2 3 6 2 0 0 1 0 0 0 0 0 0 0 0 0 0 0 0 0 0 0 0 0 0 0 0 0 0 0 0 0 
0 0 0 0 0 0 0 0 0 0 0 0 0 0 0 0 0 0 0 0 0 0 0 1 0 1 217 235 223 244 305 290 292 313 332 364 352 374 368 370 445 416 404 430 377 351 397 394 412 452 523 510 475 479 507 508 559 605 592 609 550 654 664 587 566 568 542 519 490 513 454 418 426 462 392 337 289 321 297 282 245 228 205 199 196 147 153 121 119 104 78 62 52 43 26 30 21 10 9 4 1 0 0 2 0 0 0 0 0 1 0 0 0 0 0 0 0 0 0 0 0 0 0 0 0 0 0 0 0 0 
0 0 0 0 0 0 0 0 0 0 0 0 0 0 0 0 0 0 0 0 0 0 0 0 0 0 30 24 29 32 21 33 29 28 38 38 40 38 53 45 42 61 57 52 48 75 58 58 57 75 72 46 78 48 49 83 67 79 74 102 88 99 77 101 94 73 91 85 87 75 81 82 76 84 64 60 55 59 58 53 51 44 47 43 40 39 36 34 18 19 27 16 13 18 5 10 6 4 2 0 0 1 0 0 0 0 1 0 0 0 0 0 0 0 0 0 0 0 0 0 0 0 0 0 0 0 0 0 0 0 
0 0 0 0 0 0 0 0 0 0 0 0 0 0 0 0 0 0 0 0 0 0 0 0 0 0 45 31 36 38 48 72 46 37 59 74 65 74 85 77 77 109 66 86 99 105 88 103 102 113 102 108 119 115 127 142 128 143 159 138 179 158 139 150 135 163 158 138 136 131 132 124 117 105 90 69 85 80 83 64 55 59 64 43 50 42 40 26 28 22 17 6 11 13 12 8 2 1 3 3 1 1 0 1 0 0 0 0 0 0 0 0 0 0 0 0 0 0 0 0 2 0 0 0 0 0 0 0 0 0 
0 0 0 0 0 0 0 0 0 0 0 0 0 0 0 0 0 0 0 0 0 0 1 0 0 0 930 1002 1014 961 1084 1059 1136 1137 1184 1195 1211 1252 1391 1397 1458 1363 1251 1315 1224 1266 1233 1200 1262 1309 1460 1332 1329 1357 1442 1461 1658 1715 1916 1968 2065 2088 2059 2257 2244 2276 2235 2286 2204 2071 1879 1927 1802 1786 1514 1193 1171 1199 1121 950 870 733 820 657 612 608 465 449 402 347 284 264 213 165 133 97 68 54 20 25 10 7 4 4 1 0 1 0 0 0 0 0 0 0 0 0 0 0 0 0 0 0 0 0 0 0 0 0 0 0 
0 0 0 0 0 0 0 0 0 0 0 0 0 0 0 0 0 0 0 0 0 0 0 1 1 1 626 670 688 706 758 861 904 952 1067 1066 1127 1264 1276 1357 1388 1393 1410 1374 1417 1381 1377 1343 1396 1577 1754 1669 1523 1591 1534 1612 1651 1647 1631 1542 1489 1429 1295 1285 1149 1008 947 934 897 909 830 793 724 792 676 569 572 535 492 398 377 320 301 251 247 202 197 162 131 106 96 66 55 47 40 25 29 9 11 8 3 2 0 0 0 0 0 0 0 0 0 0 0 0 0 0 0 0 0 0 4 0 0 0 0 0 0 0 0 0 
0 0 0 0 0 0 0 0 0 0 0 0 0 0 0 0 0 0 1 1 0 0 0 0 0 1 439 493 476 538 593 549 648 662 718 741 768 794 781 806 854 856 829 861 779 849 827 839 866 914 1012 957 967 891 916 941 1022 1003 975 990 935 934 868 798 747 743 717 660 703 646 583 570 563 528 472 355 343 391 371 250 274 227 199 191 184 127 116 103 102 80 61 63 41 41 33 20 16 11 7 4 3 0 0 0 0 1 0 0 0 0 0 0 0 0 0 0 0 0 0 0 3 0 0 0 0 0 0 0 0 0 
0 0 0 0 0 0 0 0 0 0 0 0 0 0 0 0 0 0 0 0 0 0 0 0 0 0 43 66 61 71 74 71 81 78 82 92 88 93 105 102 101 103 89 92 117 95 79 100 107 115 104 132 123 116 117 138 136 158 174 170 173 175 156 167 152 146 136 139 121 117 120 126 99 111 87 83 90 83 92 67 57 65 61 40 58 55 45 38 33 31 24 23 11 6 18 7 6 1 2 0 0 0 2 0 0 0 0 0 0 0 0 0 0 0 0 0 0 0 0 0 2 0 0 0 0 0 0 0 0 0 
0 0 0 0 0 0 0 0 0 0 0 0 0 0 0 0 0 0 0 0 0 0 2 0 1 0 717 657 709 766 743 760 827 818 850 896 931 983 1023 1072 1105 1026 1048 1026 927 948 900 936 965 1011 1137 1135 1165 1117 1219 1345 1328 1396 1443 1373 1445 1385 1353 1398 1400 1273 1304 1290 1270 1270 1130 1079 1078 1068 880 766 735 689 693 601 557 524 516 477 428 357 335 275 240 218 190 161 98 92 57 49 30 26 18 11 4 2 0 2 2 0 1 0 0 0 0 0 0 0 0 0 0 0 0 0 0 0 0 0 0 0 0 0 0 0 
0 0 0 0 0 0 0 0 0 0 0 0 0 0 0 0 0 0 0 0 0 0 0 0 0 0 151 136 127 133 165 176 196 213 194 248 272 256 263 268 254 263 235 283 267 263 250 264 252 275 302 294 302 296 304 342 346 337 400 389 363 397 357 322 353 327 367 351 358 306 284 295 242 232 235 207 176 205 187 157 158 147 137 126 115 113 96 81 68 56 62 61 49 19 23 15 15 7 6 1 2 1 2 3 0 0 0 0 0 0 0 0 0 0 0 0 0 0 0 0 50 0 0 0 0 0 0 0 0 0 
0 0 0 0 0 0 0 0 0 0 0 0 0 0 0 0 0 0 0 0 0 0 0 0 0 0 34 41 33 31 42 42 42 39 57 65 46 63 51 64 68 56 46 73 51 61 63 48 46 64 47 65 55 59 52 58 62 50 90 84 80 97 74 99 88 86 74 77 99 71 89 65 61 63 55 41 46 45 48 46 42 28 28 27 32 25 38 30 26 17 33 19 12 6 8 8 6 3 3 5 1 1 0 0 0 0 0 0 0 0 0 0 0 0 0 0 1 0 0 0 8 0 0 0 0 0 0 0 0 0 
0 0 0 0 0 0 0 0 0 0 0 0 0 0 0 0 0 0 0 0 0 0 0 0 0 0 29 26 35 29 31 25 33 35 48 46 50 40 46 68 61 52 46 56 53 44 52 43 47 54 45 55 69 68 73 70 95 82 87 90 97 96 101 93 97 123 88 104 81 90 79 87 76 86 81 71 42 57 52 49 45 50 43 37 37 36 30 21 32 26 14 15 13 8 15 4 5 2 1 0 0 1 1 0 0 0 0 0 0 0 0 0 0 0 0 0 0 0 0 0 0 0 0 0 0 0 0 0 0 0 
0 0 0 0 0 0 0 0 0 0 0 0 0 0 0 0 0 0 0 0 0 0 0 0 0 0 70 71 70 72 84 86 88 100 85 106 111 106 137 146 149 129 153 135 100 146 125 130 132 137 137 151 161 141 153 186 214 235 262 238 249 239 275 282 239 241 241 271 243 249 227 209 203 219 180 161 178 162 158 138 120 113 96 93 85 78 53 57 45 31 37 26 18 18 12 4 9 4 3 0 2 1 3 2 0 0 0 0 0 0 0 0 0 0 0 0 0 1 0 0 0 0 0 0 0 0 0 0 0 0 
0 0 0 0 0 0 0 0 0 0 0 0 0 0 0 0 0 0 0 0 0 0 0 0 0 0 18 12 8 8 12 12 7 14 8 13 10 19 16 16 14 18 13 13 10 20 17 20 12 26 11 17 13 30 15 20 38 37 34 25 39 40 33 35 34 32 56 36 34 28 26 24 30 28 25 18 26 24 31 29 12 16 16 19 16 14 21 13 19 12 9 7 7 3 7 3 3 2 2 3 0 0 0 0 0 0 0 0 0 0 0 0 0 0 0 0 0 0 0 0 0 0 0 0 0 0 0 0 0 0 
0 0 0 0 0 0 0 0 0 0 0 0 0 0 0 0 0 0 0 0 0 0 0 2 0 0 84 77 91 90 91 97 116 105 121 140 124 139 117 138 147 148 137 128 123 134 143 137 159 165 167 180 163 177 194 199 237 241 255 231 247 247 213 263 241 259 261 210 195 232 211 221 205 226 178 163 147 164 123 125 122 106 101 94 70 73 41 48 37 35 33 21 15 17 9 12 6 7 5 1 1 0 2 0 0 0 0 0 0 0 0 0 0 0 0 0 0 0 0 0 0 0 0 0 0 0 0 0 0 0 
0 0 0 0 0 0 0 0 0 0 0 0 0 0 0 0 0 0 0 0 0 0 0 0 0 0 53 47 52 49 53 46 54 70 62 63 65 63 75 72 76 91 90 93 65 76 62 82 80 85 87 71 79 81 80 93 80 115 137 134 118 129 128 156 138 136 135 115 135 145 149 108 109 123 95 106 88 102 95 75 80 57 73 67 56 53 49 35 34 35 27 29 19 14 11 5 6 3 1 2 4 1 1 1 0 1 0 0 0 0 0 0 0 0 0 0 0 0 0 0 0 0 0 0 0 0 0 0 0 0 
0 0 0 0 0 0 0 0 0 0 0 0 0 0 0 0 0 0 0 0 0 0 0 0 0 0 72 69 65 86 79 83 95 89 103 97 100 118 118 127 135 129 128 127 131 140 122 115 114 133 148 138 131 128 133 171 179 184 173 171 197 192 193 199 209 194 187 182 180 181 139 179 148 163 107 88 107 94 89 81 74 75 62 59 68 49 34 28 39 30 25 19 18 25 15 17 5 5 2 3 3 0 2 0 0 0 0 0 0 0 0 0 0 0 0 0 0 0 0 0 0 0 0 0 0 0 0 0 0 0 
0 0 0 0 0 0 0 0 0 0 0 0 0 0 0 0 0 0 0 1 0 1 3 1 0 0 1191 1290 1226 1306 1374 1414 1594 1656 1756 1939 2015 2092 2287 2294 2339 2191 2119 2185 2151 2198 2233 2122 2218 2446 2788 2697 2744 2696 2790 2886 2958 2993 3140 2951 3164 3053 2910 2932 2727 2594 2365 2333 2309 2321 2050 2014 1970 2001 1728 1412 1294 1296 1235 1044 972 854 832 688 623 528 434 389 393 327 270 226 178 159 115 93 71 54 31 25 18 7 6 4 1 3 0 0 0 0 0 0 0 0 0 0 0 0 0 0 5 0 0 0 0 0 0 0 0 0 
0 0 0 0 0 0 0 0 0 0 0 0 0 0 0 0 0 0 0 0 0 0 0 0 0 0 25 32 38 28 22 26 37 32 45 41 44 55 56 61 59 54 54 54 59 59 42 37 47 57 54 47 57 50 54 67 69 69 88 93 102 84 102 108 106 96 115 93 72 76 95 81 59 71 52 51 57 57 69 48 58 47 48 45 38 41 36 29 27 19 28 16 14 18 10 6 7 4 4 3 1 0 0 2 1 0 0 0 0 0 0 0 0 0 0 0 0 0 0 0 1 0 0 0 0 0 0 0 0 0 
0 0 0 0 0 0 0 0 0 0 0 0 0 0 0 0 0 0 0 0 0 0 0 0 0 0 20 23 13 20 8 21 17 15 15 22 28 31 31 34 43 39 35 36 30 29 30 31 31 40 44 30 44 54 44 48 50 62 63 62 72 78 62 62 71 63 78 49 52 46 53 38 41 36 56 30 33 27 29 34 22 25 27 27 23 24 17 26 5 14 14 6 9 4 1 2 2 0 0 0 1 0 0 0 0 0 0 0 0 0 0 0 0 0 0 0 0 0 0 0 0 0 0 0 0 0 0 0 0 0 
0 0 0 0 0 0 0 0 0 0 0 0 0 0 0 0 0 0 0 0 1 1 1 0 1 0 179 163 174 200 205 209 188 210 216 215 256 249 272 277 293 282 266 291 248 294 287 273 265 290 328 301 302 332 329 323 347 364 379 447 425 438 465 450 442 437 430 454 476 445 364 363 387 360 307 267 270 248 232 205 183 167 144 165 144 118 103 86 78 83 70 55 44 31 14 31 10 14 6 2 1 1 1 0 0 1 0 0 0 0 0 0 0 0 0 0 1 0 0 0 6 0 0 0 0 0 0 0 0 0 
0 0 0 0 0 0 0 0 0 0 0 0 0 0 0 0 0 0 2 0 0 1 0 1 0 0 627 659 719 729 778 840 931 1009 1060 1131 1196 1237 1316 1373 1370 1427 1349 1425 1347 1374 1323 1227 1316 1354 1479 1390 1376 1395 1296 1351 1417 1446 1455 1339 1317 1357 1222 1207 1166 1086 1057 979 987 957 895 839 802 938 702 630 618 609 562 461 433 404 375 300 276 256 198 172 145 124 101 89 67 61 59 27 18 22 7 7 3 2 3 0 3 0 0 0 1 0 0 0 0 0 0 0 0 0 0 0 7 0 0 0 0 0 0 0 0 0 
0 0 0 0 0 0 0 0 0 0 0 0 0 0 0 0 0 0 0 0 0 0 1 0 0 0 35 28 31 27 29 26 63 54 32 63 60 76 69 65 54 41 54 67 59 50 52 40 50 61 57 65 64 68 83 67 81 89 105 97 108 110 117 114 113 119 102 103 100 82 84 75 66 89 57 57 57 61 54 71 53 44 43 36 40 30 27 29 20 16 24 8 12 11 8 8 3 2 3 2 1 0 0 0 0 0 0 0 0 0 0 0 0 0 0 0 0 0 0 0 0 0 0 0 0 0 0 0 0 0 
