0 1 0 0 0 0 0 0 0 0 0 0 0 0 0 0 0 0 0 0 0 2 3 3 3 3 7 14 15 20 22 27 36 42 37 56 71 85 106 125 141 123 158 179 202 168 163 219 256 215 236 211 249 229 274 235 244 257 230 241 217 229 208 196 181 170 147 116 117 102 130 117 99 100 80 85 73 75 83 78 96 82 78 108 76 68 71 69 67 67 61 60 47 53 63 46 51 36 42 52 0 0 0 0 0 0 0 0 0 0 0 0 0 0 0 0 0 0 0 0 0 
1 3 0 0 0 0 0 0 0 0 0 0 0 2 0 0 1 3 3 1 4 10 14 27 36 57 68 106 130 176 186 266 325 394 457 566 652 713 824 803 966 1166 1273 1489 1618 1633 1573 2138 2386 2331 2436 2477 2727 2782 2849 3017 3182 3343 3607 3699 3962 4018 4093 3963 3977 3852 3596 3371 3335 3378 3406 3645 3286 2990 2763 3030 2940 2824 2946 3074 3100 3204 3332 3213 3009 3018 3085 2838 2658 2531 2513 2468 2318 2088 2013 1910 1799 1891 1997 1947 0 1 0 0 0 0 0 0 0 0 0 0 0 0 0 0 0 0 0 0 0 
0 0 0 0 0 0 0 0 0 0 0 0 0 0 1 0 0 0 1 2 2 4 3 7 7 17 13 12 22 37 38 39 60 63 90 94 106 101 140 148 159 174 185 200 242 241 239 276 336 333 314 347 336 398 383 352 390 402 405 373 344 369 340 317 302 237 285 264 218 273 221 227 219 208 223 225 220 220 249 233 265 242 253 221 219 217 233 191 215 173 182 147 155 136 122 117 120 164 163 154 0 0 0 0 0 0 0 0 0 0 0 0 0 0 0 0 0 0 0 0 0 
0 1 0 0 0 0 0 0 0 0 0 0 0 0 0 0 1 0 2 1 0 1 3 5 6 16 18 19 23 34 49 65 52 73 77 104 91 125 124 144 143 183 174 193 208 236 234 304 351 350 370 374 425 387 392 402 412 405 433 426 404 403 361 355 385 353 300 264 269 256 275 292 289 259 249 282 267 268 287 263 314 326 296 282 286 317 298 274 257 260 251 236 229 220 189 210 207 230 250 245 0 0 0 0 0 0 0 0 0 0 0 0 0 0 0 0 0 0 0 0 0 
0 1 0 0 0 0 0 0 0 0 0 0 1 0 0 0 0 0 0 2 1 2 3 11 6 17 19 20 22 31 26 35 56 67 58 80 68 82 95 116 122 107 126 158 178 178 160 201 267 233 269 278 307 306 291 320 321 296 327 325 361 402 352 381 356 365 334 362 316 365 318 335 318 334 300 331 299 324 349 362 413 420 408 382 373 349 317 315 318 298 288 272 274 223 214 276 225 229 238 247 0 0 0 0 0 0 0 0 0 0 0 0 0 0 0 0 0 0 0 0 0 
1 0 0 0 0 0 0 0 0 0 0 0 0 0 0 0 0 0 0 0 0 0 3 1 2 5 4 2 8 10 12 24 12 16 23 27 25 17 27 37 35 38 26 45 37 38 38 43 40 69 66 41 47 80 59 60 58 67 56 52 65 62 62 57 42 41 31 43 39 24 31 20 34 35 31 21 17 25 17 36 36 31 31 29 38 36 32 27 25 23 27 20 17 10 18 15 17 15 12 21 0 0 0 0 0 0 0 0 0 0 0 0 0 0 0 0 0 0 0 0 0 
1 0 0 0 0 0 0 0 0 0 0 0 0 0 0 0 0 1 0 1 1 3 4 13 12 29 23 33 48 48 74 78 112 115 117 128 154 157 185 208 190 214 231 289 311 289 290 376 401 407 497 455 503 587 506 570 550 546 514 528 535 504 545 452 441 450 432 418 438 460 421 411 385 399 371 398 431 416 465 453 511 495 522 498 482 472 468 437 412 432 397 388 352 341 354 391 401 444 570 641 0 0 0 0 0 0 0 0 0 0 0 0 0 0 0 0 0 0 0 0 0 
0 2 0 0 0 0 0 0 0 1 0 0 0 0 1 0 0 0 3 1 3 0 7 6 6 13 14 17 35 46 39 54 58 80 92 85 83 112 120 104 136 134 143 166 162 160 154 197 228 218 214 231 250 243 281 285 287 285 305 296 269 326 266 280 255 231 226 212 175 197 182 172 164 161 163 164 129 168 168 180 182 197 173 176 199 167 181 158 170 143 152 125 133 103 100 124 94 121 105 116 0 0 0 0 0 0 0 0 0 0 0 0 0 0 0 0 0 0 0 0 0 
0 0 0 0 0 0 0 0 0 0 0 0 0 0 0 1 0 0 0 0 0 4 1 4 4 12 14 18 16 40 40 58 65 80 82 116 100 91 122 121 144 130 173 191 214 168 168 245 298 292 280 329 343 316 347 365 386 396 383 362 389 389 392 380 341 350 324 304 260 339 293 289 309 282 270 276 233 271 247 282 259 276 256 296 285 246 234 243 221 206 218 196 165 151 157 152 144 154 177 173 0 0 0 0 0 0 0 0 0 0 0 0 0 0 0 0 0 0 0 0 0 
13 5 0 0 0 0 0 1 0 0 0 0 0 0 0 0 1 1 1 3 3 3 2 6 11 16 29 35 43 59 64 73 120 119 139 140 176 185 226 256 274 319 349 366 421 403 387 520 609 602 680 654 754 784 828 901 952 1016 1084 1143 1168 1236 1282 1297 1280 1333 1237 1260 1147 1204 1205 1187 1164 1062 1035 1054 1072 958 1208 1155 1130 1102 1122 1158 1061 1007 985 824 810 797 692 664 575 538 535 545 507 542 622 593 0 0 0 0 0 0 0 0 0 0 0 0 0 0 0 0 0 0 0 0 0 
0 1 0 0 0 0 0 0 0 0 0 0 0 0 0 0 0 2 1 0 1 2 4 5 6 9 10 12 23 28 27 32 50 77 72 84 126 115 115 175 183 235 262 279 293 277 287 327 360 345 371 382 413 425 428 450 454 368 401 414 405 376 382 326 334 274 225 258 231 238 245 221 177 199 175 178 164 160 184 183 180 149 180 178 148 185 155 156 119 120 133 110 108 101 106 102 96 102 96 99 0 0 0 0 0 0 0 0 0 0 0 0 0 0 0 0 0 0 0 0 0 
3 1 0 0 0 0 0 0 0 0 0 0 0 0 0 0 0 0 0 0 0 3 0 4 3 6 13 15 17 22 21 24 28 32 35 31 44 53 63 37 57 92 57 71 86 94 71 78 90 110 115 97 126 112 127 130 141 139 124 135 114 120 123 108 112 110 81 87 84 75 84 63 73 79 69 64 86 79 72 82 92 73 86 120 71 77 81 57 72 64 65 86 60 50 43 49 49 44 43 48 0 0 0 0 0 0 0 0 0 0 0 0 0 0 0 0 0 0 0 0 0 
0 0 0 0 0 0 0 0 0 0 0 0 0 0 0 0 0 0 0 2 2 3 3 0 9 11 13 19 26 37 45 58 56 63 89 97 126 128 135 179 172 195 222 296 343 315 300 374 435 400 432 448 468 499 480 544 565 592 617 656 696 694 677 685 707 704 659 611 598 549 622 558 574 464 414 457 504 458 481 458 489 514 522 523 461 447 483 449 406 399 375 354 327 318 289 302 248 280 299 285 0 0 0 0 0 0 0 0 0 0 0 0 0 0 0 0 0 0 0 0 0 
1 2 0 0 0 0 0 0 0 0 0 0 0 0 0 0 0 1 1 1 0 6 5 12 8 24 28 21 47 59 61 73 84 108 106 148 159 155 144 179 171 189 206 238 258 228 244 320 331 312 347 391 385 417 462 444 450 462 460 484 463 495 469 478 438 390 361 420 366 392 419 423 393 377 363 410 409 444 471 509 511 489 488 465 390 411 434 399 402 370 312 286 269 228 246 268 284 305 387 372 0 0 0 0 0 0 0 0 0 0 0 0 0 0 0 0 0 0 0 0 0 
0 0 0 0 0 0 0 0 0 0 0 0 0 0 0 0 0 0 0 0 0 1 0 2 2 2 2 7 5 9 11 12 11 22 21 28 26 42 34 55 39 36 48 48 62 40 58 66 69 73 74 84 81 77 80 92 86 89 80 91 101 96 86 84 65 73 70 63 48 68 53 76 65 51 60 53 62 53 59 60 59 55 49 66 57 46 48 50 48 47 34 34 41 36 25 30 29 36 28 27 0 0 0 0 0 0 0 0 0 0 0 0 0 0 0 0 0 0 0 0 0 
1 0 0 0 0 0 0 0 0 0 0 0 0 0 0 0 0 0 0 0 0 0 1 4 1 5 3 4 6 3 9 13 14 11 14 16 13 26 24 34 31 37 43 51 69 54 59 71 88 81 95 71 105 92 84 89 101 78 82 80 82 90 73 52 63 51 38 62 51 39 45 39 37 25 32 44 32 21 46 39 46 38 41 38 33 39 36 34 24 33 29 28 23 27 24 23 16 19 14 12 0 0 0 0 0 0 0 0 0 0 0 0 0 0 0 0 0 0 0 0 0 
1 0 0 0 0 0 0 0 0 0 0 0 0 0 0 0 2 0 0 0 1 1 5 4 6 7 9 13 15 15 24 22 31 32 41 44 48 40 48 71 56 65 65 70 70 82 82 92 105 93 106 96 106 117 107 120 118 106 111 111 117 116 111 104 83 96 85 86 79 80 83 75 61 51 62 61 65 61 83 67 72 57 58 64 69 50 58 49 56 69 52 59 35 46 44 37 42 38 38 57 0 0 0 0 0 0 0 0 0 0 0 0 0 0 0 0 0 0 0 0 0 
68 32 0 1 0 0 0 0 0 0 0 0 0 0 0 0 1 0 0 0 5 5 7 10 14 16 23 33 85 80 103 117 122 164 160 173 210 287 276 344 356 409 451 539 552 487 491 615 695 727 721 709 771 808 763 759 784 812 777 786 748 755 785 691 667 645 615 524 486 501 490 514 521 448 451 426 452 425 476 517 536 557 494 460 486 476 447 425 364 336 386 399 363 310 322 290 252 282 237 315 0 0 0 0 0 0 0 0 0 0 0 0 0 0 0 0 0 0 0 0 0 
94 34 0 0 0 2 2 0 0 0 0 0 0 0 0 5 4 3 5 3 18 15 33 51 57 94 110 183 235 278 353 407 495 629 665 711 817 902 1061 1199 1212 1443 1620 1847 2009 1961 2021 2594 2960 2893 3046 3117 3384 3560 3622 3837 4075 4221 4530 4570 4804 4857 4909 4822 4748 4632 4369 4108 3976 4145 4362 4360 3986 3601 3530 3656 3536 3550 3756 3766 3988 4084 3957 3823 3754 3756 3769 3455 3191 3170 2919 2864 2735 2550 2432 2391 2355 2384 2412 2344 3 2 0 5 0 0 0 0 0 0 0 0 0 0 0 0 0 0 0 0 0 
0 3 0 0 0 0 0 0 0 0 0 0 0 0 0 0 0 0 0 1 0 2 3 0 2 2 9 6 11 19 16 30 32 27 32 42 42 55 52 60 65 67 82 81 88 99 97 104 128 139 132 139 152 182 191 173 181 184 217 192 210 188 220 212 201 217 196 179 169 213 178 194 202 167 182 201 175 179 182 204 210 190 170 196 163 192 173 155 142 136 132 132 114 105 108 92 90 91 110 116 0 0 0 0 0 0 0 0 0 0 0 0 0 0 0 0 0 0 0 0 0 
0 1 0 0 0 0 0 0 0 0 0 0 0 0 0 0 0 0 2 3 4 2 7 8 11 10 16 36 41 42 49 70 87 91 101 113 127 166 186 207 199 251 252 305 319 320 322 331 414 370 418 438 420 473 436 479 448 471 456 485 472 428 432 432 386 381 295 336 293 309 323 315 292 260 233 254 304 262 323 290 324 291 325 318 287 275 315 274 268 258 257 227 203 189 190 189 167 181 206 214 0 0 0 0 0 0 0 0 0 0 0 0 0 0 0 0 0 0 0 0 0 
1 0 0 0 0 0 0 0 0 0 0 0 0 0 0 1 0 0 1 0 2 2 3 4 5 11 7 8 15 22 23 33 26 25 46 44 49 69 58 68 71 76 85 105 91 99 99 131 135 112 123 124 145 154 151 155 176 182 184 167 162 139 139 159 115 134 114 132 97 114 78 74 89 91 65 89 67 107 122 90 76 83 101 83 76 91 80 68 77 62 69 64 65 58 56 49 55 47 58 54 0 0 0 0 0 0 0 0 0 0 0 0 0 0 0 0 0 0 0 0 0 
0 1 0 0 0 0 0 0 0 0 0 0 0 0 0 0 0 0 0 1 1 5 6 5 3 7 11 14 17 29 35 47 58 52 64 75 72 68 75 86 94 122 120 134 147 151 136 160 178 179 188 201 202 216 226 230 232 230 230 216 220 215 215 191 209 195 171 173 162 112 156 163 179 119 115 154 139 160 154 154 168 145 183 145 146 127 137 146 101 112 104 104 92 85 78 71 59 88 83 98 0 0 0 0 0 0 0 0 0 0 0 0 0 0 0 0 0 0 0 0 0 
0 1 0 0 0 0 0 0 0 0 0 0 0 0 0 0 0 0 0 0 4 3 3 10 10 19 15 36 38 47 57 62 73 77 98 115 126 129 158 148 177 170 186 189 219 187 243 255 312 260 257 279 333 301 299 336 353 324 334 352 333 380 318 313 309 261 254 210 238 211 204 211 192 172 204 190 195 188 206 196 190 188 199 195 188 176 174 186 162 154 133 148 126 127 99 106 101 90 133 106 0 0 0 0 0 0 0 0 0 0 0 0 0 0 0 0 0 0 0 0 0 
8 0 1 0 0 1 0 0 0 0 0 0 0 0 0 1 1 0 0 1 1 4 8 5 20 30 25 31 42 61 53 76 107 107 102 106 155 194 212 189 208 233 265 253 312 310 316 369 412 400 415 422 484 503 493 542 534 547 560 509 577 565 542 564 504 506 449 399 406 368 391 377 384 334 302 328 358 346 343 333 357 383 355 397 382 355 373 345 312 297 257 282 272 226 218 220 213 236 233 210 0 0 0 0 0 0 0 0 0 0 0 0 0 0 0 0 0 0 0 0 0 
27 2 0 1 0 0 0 0 0 0 0 0 0 0 0 0 0 0 0 0 0 2 0 1 2 4 2 6 6 9 8 14 12 14 23 11 25 34 35 24 38 30 48 43 45 35 44 55 71 68 72 60 71 58 70 59 74 78 75 70 61 66 79 75 62 68 35 47 40 47 53 31 41 34 40 47 36 52 45 50 45 49 55 50 50 39 36 42 32 42 43 38 34 32 38 31 24 19 21 24 0 0 0 0 0 0 0 0 0 0 0 0 0 0 0 0 0 0 0 0 0 
127 323 0 0 0 0 0 1 0 0 0 1 0 0 1 2 8 7 14 29 49 70 118 199 259 388 510 644 879 979 1219 1401 1632 1866 1954 2252 2567 2778 3138 3402 3544 3951 4334 5123 5422 5441 5693 7108 8187 8151 8615 9082 9614 9950 10307 10707 10867 11362 11657 11676 12176 12219 12002 12000 11640 11349 10812 10193 10202 10508 10764 11146 9811 9052 9011 9225 9210 9313 9971 10248 10586 11213 11212 11428 11165 11304 11265 11167 10777 10639 10805 10635 10007 9771 9216 8778 8117 7925 7854 6815 4 2 0 0 0 0 0 0 0 0 0 0 0 0 0 0 0 0 0 0 0 
0 0 0 0 0 0 0 0 0 0 0 0 0 0 0 0 0 0 0 0 4 0 4 5 4 10 10 13 24 22 29 32 41 53 53 74 57 54 71 82 84 100 100 116 121 154 148 173 162 171 179 209 205 202 211 232 243 224 247 241 281 235 239 214 181 174 143 168 168 126 149 150 156 127 111 121 112 123 147 120 153 142 137 139 137 118 107 123 94 95 86 74 79 66 54 65 70 74 78 64 0 0 0 0 0 0 0 0 0 0 0 0 0 0 0 0 0 0 0 0 0 
0 1 1 0 0 0 0 0 0 0 0 0 0 0 0 0 0 0 0 0 3 0 4 3 6 4 7 9 16 25 15 39 38 40 51 66 81 113 91 101 136 134 141 174 186 173 179 221 239 252 261 281 303 269 267 253 248 263 277 245 251 271 261 231 227 230 183 169 130 152 178 148 143 142 147 151 124 129 135 126 151 162 177 163 135 138 121 114 122 108 130 81 87 72 69 72 70 86 77 83 0 0 0 0 0 0 0 0 0 0 0 0 0 0 0 0 0 0 0 0 0 
3 6 0 0 0 0 0 0 0 0 0 0 0 0 0 1 0 0 0 2 0 0 1 3 6 8 8 17 15 35 35 43 55 71 70 78 98 112 136 149 169 165 171 200 260 211 204 240 310 300 305 314 357 350 371 348 394 422 403 454 452 436 473 461 477 433 384 386 377 341 366 394 374 342 330 271 318 292 317 347 396 367 390 354 361 318 355 335 332 316 311 279 236 251 225 194 200 203 204 209 1 0 0 0 0 0 0 0 0 0 0 0 0 0 0 0 0 0 0 0 0 
31 4 0 0 0 0 0 0 0 0 0 2 0 0 0 0 0 1 1 3 1 1 4 7 5 13 18 33 45 50 58 86 72 98 113 124 138 164 151 215 239 263 280 355 354 336 329 402 489 540 438 516 622 587 604 593 535 588 521 561 490 515 484 444 415 409 376 348 303 309 328 319 350 295 286 272 280 306 280 328 315 297 319 279 252 285 267 239 223 221 192 214 198 196 131 146 158 137 171 165 1 1 0 0 0 0 0 0 0 0 0 0 0 0 0 0 0 0 0 0 0 
19 0 3 0 0 0 0 0 0 0 0 0 0 0 1 0 0 0 0 1 0 1 2 6 2 3 4 11 12 11 14 16 19 29 30 37 39 40 40 55 42 63 60 52 59 55 59 60 76 78 89 105 103 114 129 101 126 127 116 137 146 116 119 101 106 86 82 73 83 75 97 79 67 64 81 83 65 56 69 63 67 75 78 69 65 62 70 74 45 57 49 60 37 41 30 49 28 37 39 38 0 0 0 0 0 0 0 0 0 0 0 0 0 0 0 0 0 0 0 0 0 
0 0 0 0 0 0 0 0 0 0 0 0 0 0 0 0 0 0 0 0 0 1 2 0 3 5 9 7 13 11 13 24 23 31 30 40 45 57 61 74 69 69 95 104 98 85 104 130 145 139 140 166 188 162 166 192 212 171 201 208 168 184 181 175 150 129 125 113 145 109 114 145 126 141 101 103 113 109 114 127 108 120 120 108 127 107 92 101 76 77 80 81 64 64 56 83 67 69 56 73 0 0 0 0 0 0 0 0 0 0 0 0 0 0 0 0 0 0 0 0 0 
0 3 0 0 0 0 0 0 0 0 0 0 0 0 0 2 0 1 1 3 4 1 8 9 20 25 27 37 33 42 57 60 74 83 102 92 128 153 157 154 190 190 227 232 289 258 258 285 340 331 387 368 422 443 459 457 482 456 499 435 454 474 441 429 353 338 365 323 302 291 304 305 287 311 254 270 254 273 279 316 307 325 302 322 313 290 293 249 251 260 271 229 209 241 221 167 175 189 193 184 1 0 0 0 0 0 0 0 0 0 0 0 0 0 0 0 0 0 0 0 0 
0 0 0 0 0 0 0 0 0 0 0 0 0 0 0 0 0 0 0 0 0 1 0 0 1 1 3 3 5 10 7 11 18 4 13 10 19 19 18 21 28 22 23 31 31 45 36 44 43 42 54 47 53 60 48 54 45 63 53 41 46 36 52 48 44 40 33 30 34 23 43 41 37 22 26 26 29 20 28 22 28 25 23 26 24 28 28 23 24 19 23 23 20 16 18 17 19 21 22 17 0 0 0 0 0 0 0 0 0 0 0 0 0 0 0 0 0 0 0 0 0 
72 2 0 0 0 0 0 0 0 0 0 0 0 0 0 0 0 0 0 0 2 0 2 1 2 3 5 12 8 9 19 11 31 23 27 27 53 48 52 55 64 57 72 78 82 85 73 105 124 122 124 158 161 150 145 134 136 167 150 138 119 100 125 112 115 109 108 114 90 88 74 78 84 83 74 65 58 59 60 59 75 78 69 58 61 45 60 67 50 56 50 40 57 41 28 33 31 32 29 44 0 0 0 0 0 0 0 0 0 0 0 0 0 0 0 0 0 0 0 0 0 
0 0 0 0 0 0 0 0 0 0 0 0 0 0 0 0 0 0 0 1 4 2 1 3 4 3 9 12 11 9 14 13 26 15 25 24 23 33 31 38 47 46 42 45 44 44 45 56 67 61 64 84 89 92 95 85 90 101 97 92 92 84 82 69 62 60 50 47 46 45 48 38 41 46 40 37 52 37 41 42 39 45 48 58 52 48 49 33 31 45 36 35 36 30 28 24 20 22 28 15 0 0 0 0 0 0 0 0 0 0 0 0 0 0 0 0 0 0 0 0 0 
23 2 1 0 0 0 0 0 0 0 0 0 0 0 0 0 0 0 1 0 1 1 1 2 4 10 6 6 15 13 25 25 31 30 34 39 48 63 55 68 50 65 92 87 96 85 93 107 110 124 141 141 156 142 181 181 146 164 150 157 165 155 126 116 113 107 81 104 67 81 75 81 76 72 67 73 82 73 83 67 86 109 79 78 86 68 75 68 68 60 63 48 43 44 37 37 39 32 50 36 0 0 0 0 0 0 0 0 0 0 0 0 0 0 0 0 0 0 0 0 0 
0 0 0 0 0 0 0 0 0 0 0 0 0 0 0 0 0 0 0 0 0 1 1 0 2 1 2 3 1 4 4 8 8 9 14 6 12 21 24 24 32 19 18 26 34 28 24 31 41 47 57 52 51 50 66 61 69 58 42 58 46 37 46 46 46 33 49 39 34 26 18 22 22 24 24 21 25 19 24 24 36 26 19 23 21 23 28 26 22 23 18 20 16 14 9 19 15 8 7 11 0 0 0 0 0 0 0 0 0 0 0 0 0 0 0 0 0 0 0 0 0 
1 0 0 0 0 0 0 0 0 0 0 0 0 0 0 0 1 1 0 0 1 2 4 4 0 4 14 18 19 21 22 43 47 44 54 70 65 90 93 115 116 147 131 176 160 145 174 202 215 240 263 258 243 264 256 312 292 277 330 284 336 341 309 326 306 317 281 274 257 270 252 305 238 230 198 193 221 216 266 239 262 247 244 264 228 196 223 205 190 169 195 192 151 127 155 134 145 147 146 148 0 0 0 0 0 0 0 0 0 0 0 0 0 0 0 0 0 0 0 0 0 
0 1 0 0 0 0 0 0 0 0 0 0 0 0 1 0 0 0 1 0 0 2 2 2 4 4 3 6 5 16 14 15 16 19 21 23 26 32 27 36 32 30 30 36 37 43 37 40 41 48 42 60 65 54 64 54 65 57 60 63 51 68 66 35 45 44 57 44 42 33 44 35 51 35 32 32 38 28 44 30 39 37 36 35 35 35 45 34 41 26 23 24 27 22 27 20 18 26 16 24 0 0 0 0 0 0 0 0 0 0 0 0 0 0 0 0 0 0 0 0 0 
0 0 0 0 0 0 0 0 0 0 0 0 0 0 0 0 1 0 0 2 0 2 1 6 7 3 14 19 28 23 34 44 48 48 55 55 64 90 65 87 95 103 95 118 124 132 119 136 155 169 148 201 166 206 197 236 216 240 247 256 211 231 225 221 223 222 172 161 163 158 182 173 190 155 136 178 159 167 150 196 191 176 190 178 174 168 148 154 136 153 130 155 117 131 103 93 104 98 113 149 0 0 0 0 0 0 0 0 0 0 0 0 0 0 0 0 0 0 0 0 0 
15 0 0 0 0 0 0 0 0 0 0 0 0 0 0 0 0 2 0 1 3 1 4 11 4 16 21 13 22 38 38 53 59 77 79 98 105 129 145 135 161 180 194 214 214 229 228 256 293 271 308 272 322 315 317 325 323 369 336 349 391 390 380 373 372 326 336 324 291 281 338 343 302 310 242 285 260 261 288 274 303 276 252 259 290 258 268 242 222 253 227 206 227 194 162 185 159 180 199 207 0 0 1 0 0 0 0 0 0 0 0 0 0 0 0 0 0 0 0 0 0 
1 0 0 0 0 0 0 0 0 0 0 0 0 0 0 0 0 0 0 0 0 1 2 1 2 3 2 4 2 3 5 7 8 14 13 11 18 11 20 15 14 27 19 27 27 28 31 37 35 53 43 45 40 37 52 50 46 44 46 35 53 46 39 37 40 43 28 26 31 15 34 16 21 35 21 19 24 26 31 26 21 25 14 27 16 24 23 14 15 10 20 26 11 14 7 15 17 18 25 11 0 0 0 0 0 0 0 0 0 0 0 0 0 0 0 0 0 0 0 0 0 
0 0 0 0 0 0 0 0 0 0 0 0 0 0 0 0 0 1 1 1 0 0 3 2 4 3 4 7 13 16 10 18 20 16 19 25 34 35 39 58 53 47 43 49 51 60 53 83 80 76 75 101 94 106 100 129 110 99 99 107 95 98 85 79 91 93 79 62 60 57 64 62 65 63 57 45 47 56 55 61 72 61 49 50 64 70 71 42 57 49 48 42 43 49 44 35 53 38 44 39 0 0 0 0 0 0 0 0 0 0 0 0 0 0 0 0 0 0 0 0 0 
0 0 0 0 0 0 0 0 0 0 0 0 0 0 0 0 0 1 0 0 2 2 2 5 6 9 12 22 28 28 37 39 65 60 46 64 78 87 84 91 86 106 113 126 144 136 127 138 183 188 206 175 199 215 216 202 227 261 225 218 228 220 190 210 163 170 152 155 142 122 146 135 133 112 101 153 106 95 120 132 124 127 122 127 133 136 137 112 112 90 93 93 95 81 81 89 56 50 81 73 0 0 0 0 0 0 0 0 0 0 0 0 0 0 0 0 0 0 0 0 0 
17 0 0 0 0 0 0 0 0 0 0 0 0 0 0 0 0 0 0 0 2 2 4 1 6 5 9 16 26 23 23 35 43 57 47 49 75 80 93 92 100 102 127 143 143 136 142 175 151 183 218 230 237 265 253 269 268 246 244 272 260 268 279 238 254 212 209 187 194 169 181 193 201 156 165 191 162 161 171 171 181 191 180 155 176 153 171 155 154 145 121 139 101 107 104 90 128 121 105 114 0 0 0 0 0 0 0 0 0 0 0 0 0 0 0 0 0 0 0 0 0 
0 3 0 0 0 0 0 0 0 0 0 0 0 0 0 0 0 0 0 0 0 1 3 4 2 8 10 9 19 16 34 37 40 46 54 55 84 90 87 94 129 145 139 151 169 123 156 180 212 242 190 193 212 259 238 241 239 247 249 292 253 289 272 286 281 222 236 171 216 221 210 197 197 185 180 197 191 156 204 190 201 208 205 213 161 193 168 166 162 181 140 170 124 124 129 115 139 119 127 109 1 0 0 0 0 0 0 0 0 0 0 0 0 0 0 0 0 0 0 0 0 
0 1 0 0 0 0 1 0 0 0 0 0 0 0 0 0 0 0 1 0 2 0 5 3 5 9 16 14 33 32 48 55 61 84 83 88 88 87 147 118 150 157 163 223 205 213 197 240 289 275 309 328 331 350 344 351 409 393 399 397 358 385 337 374 346 336 309 296 261 256 262 294 256 245 189 214 214 245 275 284 278 273 288 256 257 253 256 242 239 205 204 155 186 146 175 141 156 151 159 167 0 0 0 0 0 0 0 0 0 0 0 0 0 0 0 0 0 0 0 0 0 
0 1 0 0 0 0 0 0 0 0 0 0 0 0 0 0 0 1 3 1 2 4 9 10 16 24 24 27 46 60 58 73 93 114 100 111 119 142 108 130 168 163 177 188 192 200 181 264 272 287 314 306 325 323 317 337 325 336 339 328 374 358 345 335 304 306 300 273 241 250 277 275 254 229 226 257 198 197 191 204 255 247 242 238 227 205 226 201 146 185 187 173 192 142 134 120 121 124 155 156 0 0 0 0 0 0 0 0 0 0 0 0 0 0 0 0 0 0 0 0 0 
2 0 0 0 0 0 0 0 0 0 0 0 0 0 0 0 0 0 0 0 0 0 1 5 3 2 3 8 7 19 23 21 19 26 35 29 40 37 44 44 45 54 51 63 63 66 74 72 78 102 89 88 112 101 109 100 104 107 109 105 91 102 66 103 70 83 69 70 63 61 54 62 53 51 43 45 62 49 68 62 51 59 63 52 38 54 61 44 42 46 49 45 47 39 29 27 42 21 37 34 0 0 0 0 0 0 0 0 0 0 0 0 0 0 0 0 0 0 0 0 0 
0 2 0 0 0 0 0 0 0 0 0 0 0 0 0 0 0 1 0 2 2 4 5 5 11 13 16 22 25 27 24 44 51 53 61 66 87 99 91 128 126 128 145 153 160 166 182 238 252 251 268 274 306 304 311 288 342 318 318 326 339 319 301 300 293 299 233 254 231 251 223 276 265 242 251 250 234 273 281 283 305 319 291 311 277 280 267 235 266 222 214 202 187 174 165 150 143 185 179 196 0 0 0 0 0 0 0 0 0 0 0 0 0 0 0 0 0 0 0 0 0 
1 0 0 0 0 0 0 0 0 0 0 0 0 0 0 0 0 0 0 0 2 3 7 3 5 7 8 23 17 17 29 27 33 43 45 54 43 58 80 75 84 95 85 98 115 97 117 119 112 125 129 134 165 154 163 194 172 185 185 169 190 150 145 168 174 130 150 127 105 113 110 124 123 94 87 95 89 96 83 92 102 96 101 97 90 97 90 101 101 99 85 94 69 91 80 79 75 65 90 69 0 0 0 0 0 0 0 0 0 0 0 0 0 0 0 0 0 0 0 0 0 
0 0 0 0 0 0 0 0 0 0 0 0 0 0 0 0 0 0 0 0 0 0 0 5 1 3 5 8 1 7 13 7 18 15 15 25 24 21 36 23 26 22 39 38 47 53 37 53 50 76 48 44 66 67 66 61 62 55 72 55 67 72 64 72 80 60 50 50 42 39 44 37 49 37 34 38 41 36 42 45 40 30 41 29 31 20 35 23 34 39 28 24 27 21 23 19 13 27 19 25 0 0 0 0 0 0 0 0 0 0 0 0 0 0 0 0 0 0 0 0 0 
0 0 0 0 0 0 0 0 0 0 0 0 0 0 0 0 1 1 1 2 6 9 12 24 32 57 71 75 117 140 159 220 249 283 285 347 429 456 518 531 547 592 645 781 748 759 736 915 1037 1010 996 1071 1165 1272 1337 1303 1265 1474 1587 1631 1642 1602 1534 1483 1457 1384 1312 1215 1191 1159 1196 1300 1155 1056 1055 1106 1207 1149 1207 1266 1267 1293 1262 1374 1274 1266 1201 1105 1053 1030 1069 996 869 924 877 785 816 795 799 766 0 0 0 2 0 0 0 0 0 0 0 0 0 0 0 0 0 0 0 0 0 
0 0 0 0 0 0 0 0 0 0 0 0 1 1 0 1 1 4 0 2 5 3 9 24 24 21 30 47 44 78 96 117 126 136 161 196 245 261 291 295 318 350 383 436 477 449 484 521 609 663 751 689 660 718 712 758 720 691 747 751 709 705 674 666 585 545 488 456 453 454 426 463 393 348 335 349 356 391 344 406 408 427 425 445 378 411 368 374 307 298 304 311 292 254 240 220 217 231 248 304 0 0 0 0 0 0 0 0 0 0 0 0 0 0 0 0 0 0 0 0 0 
1 0 0 0 0 0 0 0 0 0 0 0 0 0 0 0 0 0 0 0 0 2 2 3 4 2 5 7 13 8 17 15 18 23 34 31 33 40 56 38 56 62 56 76 68 68 69 106 84 90 100 105 100 115 141 116 130 146 128 146 144 149 130 112 110 101 105 96 76 91 103 100 99 108 95 109 90 87 83 91 91 108 98 88 98 82 96 84 83 87 82 80 64 63 68 45 44 64 55 55 0 0 0 0 0 0 0 0 0 0 0 0 0 0 0 0 0 0 0 0 0 
55 1 0 0 0 0 0 0 0 0 0 0 0 0 0 0 0 0 0 0 1 1 2 2 2 4 14 15 17 22 29 36 43 48 44 78 89 95 133 99 118 129 164 179 179 210 165 170 267 256 286 257 314 286 306 347 334 331 337 328 332 323 316 317 289 291 249 228 208 212 218 234 208 189 157 185 173 183 193 176 210 189 177 182 150 171 165 157 161 135 115 108 109 114 91 113 76 91 100 103 0 0 0 0 0 0 0 0 0 0 0 0 0 0 0 0 0 0 0 0 0 
0 0 0 0 0 0 0 0 0 0 0 0 0 0 0 0 0 0 0 1 3 0 2 2 2 4 5 9 11 14 16 25 25 34 31 40 28 43 47 54 41 42 47 55 48 57 59 75 68 63 82 86 71 82 86 116 91 117 89 98 96 91 105 91 89 76 68 72 61 59 66 70 70 58 49 58 64 45 48 55 50 57 62 59 48 48 58 62 38 53 43 44 44 47 34 35 39 38 51 43 0 0 0 0 0 0 0 0 0 0 0 0 0 0 0 0 0 0 0 0 0 
0 1 0 0 0 0 0 0 0 1 0 0 0 0 0 0 0 1 2 2 1 1 6 4 8 8 11 23 23 41 51 57 55 54 60 91 93 104 107 104 129 131 127 157 161 153 170 169 216 236 228 215 260 265 305 303 295 254 322 276 270 293 290 272 259 254 241 217 211 192 193 217 198 175 191 173 169 173 179 183 193 214 208 199 195 203 185 159 166 133 139 129 108 122 110 86 124 101 133 142 0 0 0 0 0 0 0 0 0 0 0 0 0 0 0 0 0 0 0 0 0 
0 0 0 0 0 0 0 0 0 0 0 0 0 0 0 0 0 0 0 1 1 2 4 0 5 4 4 8 12 19 20 19 19 25 24 37 37 49 45 58 51 74 68 76 83 85 91 113 122 133 142 152 129 119 155 150 165 146 177 123 149 139 137 118 109 101 86 84 82 88 81 89 79 76 75 78 70 89 82 81 94 98 100 97 95 104 75 82 74 79 54 58 75 56 52 38 35 53 51 53 0 0 0 0 0 0 0 0 0 0 0 0 0 0 0 0 0 0 0 0 0 
34 5 0 0 0 0 1 0 0 0 0 0 0 1 1 1 6 5 2 3 21 28 78 83 119 175 228 320 374 451 518 670 747 870 943 1010 1111 1283 1315 1486 1531 1768 1874 2289 2312 2346 2426 3119 3542 3424 3777 3878 4267 4252 4284 4430 4664 4594 4717 4753 4689 4869 4657 4493 4270 4290 3947 3818 3755 3953 3968 3876 3524 3367 3258 3360 3382 3423 3536 3780 3941 4099 4250 4367 4249 4324 4264 4096 4090 4112 3974 4052 3817 3775 3521 3320 3275 3202 3144 2761 2 0 0 1 0 0 0 0 0 0 0 0 0 0 0 0 0 0 0 0 0 
70 0 0 0 0 0 0 0 0 0 0 0 0 0 0 0 0 0 0 0 0 0 1 0 0 1 3 0 0 5 4 5 13 10 7 16 7 11 14 16 19 18 11 19 27 16 27 24 24 27 45 37 27 44 41 36 50 40 39 43 32 40 38 42 46 32 26 27 25 24 26 31 14 26 24 27 14 17 47 27 34 28 30 20 34 15 35 12 22 25 21 10 11 14 10 7 13 18 12 18 0 0 0 0 0 0 0 0 0 0 0 0 0 0 0 0 0 0 0 0 0 
0 0 0 0 0 0 0 0 0 0 0 0 0 0 0 0 0 0 0 2 1 1 3 6 8 10 8 17 16 14 16 26 37 25 38 40 47 49 54 78 76 83 94 78 90 99 97 107 115 118 120 136 143 126 154 128 168 155 164 152 155 164 144 133 138 122 136 106 117 108 101 103 108 94 94 97 101 99 94 100 79 107 103 106 115 94 104 90 109 88 99 70 81 78 59 58 53 52 60 53 0 0 0 0 0 0 0 0 0 0 0 0 0 0 0 0 0 0 0 0 0 
0 0 0 0 0 0 0 0 0 0 0 0 0 0 0 0 0 0 0 0 2 6 2 2 7 5 6 7 14 16 21 26 37 37 41 60 46 45 55 62 71 72 83 96 94 95 84 104 111 101 129 127 142 135 155 159 182 160 172 170 181 163 145 149 158 141 101 122 118 104 114 108 97 90 72 100 84 95 100 86 83 101 116 103 90 115 99 79 92 92 88 65 57 69 55 50 64 45 57 79 0 0 0 0 0 0 0 0 0 0 0 0 0 0 0 0 0 0 0 0 0 
0 0 0 0 0 0 0 0 0 0 0 0 1 0 0 0 0 0 1 1 1 2 4 12 10 21 32 30 45 54 61 84 105 119 119 152 147 196 213 215 230 246 288 307 333 298 350 396 486 445 436 483 522 520 530 566 595 603 593 683 680 592 622 617 621 600 531 536 508 489 523 549 491 423 434 440 406 417 471 452 441 503 441 437 427 419 425 396 372 371 347 344 301 284 265 266 260 320 407 403 0 0 0 0 0 0 0 0 0 0 0 0 0 0 0 0 0 0 0 0 0 
0 0 0 0 0 0 0 0 0 0 0 0 0 0 0 1 0 0 0 0 1 0 0 2 4 5 6 3 17 14 15 27 18 16 32 35 40 39 42 48 42 53 53 58 61 60 64 63 90 79 84 84 77 91 90 95 80 100 104 79 102 94 105 73 89 68 88 52 53 84 52 79 83 66 67 63 90 64 61 73 73 53 57 61 56 50 54 52 43 42 47 33 42 36 34 46 24 45 36 42 0 0 0 0 0 0 0 0 0 0 0 0 0 0 0 0 0 0 0 0 0 
27 2 0 0 0 0 0 0 0 0 0 0 0 0 0 0 0 0 1 0 0 1 3 4 1 2 6 11 14 12 6 16 23 26 25 43 43 51 45 64 63 55 65 87 79 88 73 91 108 121 128 133 138 148 144 162 175 151 157 145 166 186 152 170 158 139 156 142 138 138 129 119 119 122 123 99 124 116 114 80 128 95 92 115 81 89 101 93 72 90 96 68 65 58 52 62 56 65 70 79 0 0 0 0 0 0 0 0 0 0 0 0 0 0 0 0 0 0 0 0 0 
2 0 0 0 0 0 0 0 0 0 0 0 0 0 0 0 0 1 4 4 7 9 21 18 51 68 98 131 167 208 256 284 339 392 452 464 604 611 654 828 732 869 973 1119 1192 1186 1213 1531 1804 1827 1971 1929 2121 2271 2348 2301 2325 2308 2343 2137 2173 2138 2032 2006 1778 1731 1547 1489 1442 1376 1417 1554 1409 1322 1264 1293 1357 1348 1466 1400 1457 1593 1568 1525 1424 1408 1385 1393 1335 1303 1255 1177 1094 1101 980 1008 1005 1138 1196 1368 0 0 0 0 0 0 0 0 0 0 0 0 0 0 0 0 0 0 0 0 0 
1 2 0 0 0 0 0 0 0 0 0 0 0 0 0 0 0 0 0 0 1 4 7 13 9 27 26 40 42 54 64 99 105 128 159 200 208 247 246 306 325 373 405 508 538 586 580 680 817 749 809 845 935 932 970 979 1026 1167 1292 1320 1466 1515 1562 1682 1687 1702 1638 1561 1643 1570 1713 1839 1667 1456 1424 1477 1478 1506 1486 1532 1486 1532 1482 1460 1388 1297 1215 1239 1113 1025 990 920 851 800 753 746 718 757 777 844 1 0 0 1 0 0 0 0 0 0 0 0 0 0 0 0 0 0 0 0 0 
1 3 0 0 0 0 0 0 0 0 0 0 0 0 0 0 1 0 0 0 0 3 3 7 11 14 20 32 40 42 62 60 79 103 104 111 131 181 198 205 226 277 250 373 384 352 360 481 540 567 592 585 671 699 680 736 770 748 803 899 956 954 989 1008 1036 1052 981 965 926 992 1002 1056 969 900 883 868 909 847 947 899 948 951 890 904 878 901 857 837 793 766 640 686 629 519 536 491 489 487 500 526 0 0 1 1 0 0 0 0 0 0 0 0 0 0 0 0 0 0 0 0 0 
0 2 0 0 0 0 0 0 0 0 0 0 0 0 0 0 0 0 0 2 0 0 0 1 1 5 6 17 6 11 21 22 31 32 35 43 57 55 40 60 60 54 67 95 80 85 83 86 110 98 131 121 124 127 143 141 143 154 173 162 183 179 187 171 160 145 140 118 114 134 137 111 121 117 107 94 107 128 105 114 118 115 118 113 104 108 113 102 96 98 92 89 88 65 76 56 64 73 79 53 0 0 0 0 0 0 0 0 0 0 0 0 0 0 0 0 0 0 0 0 0 
0 0 0 0 0 0 0 0 0 0 0 0 0 0 0 1 0 2 1 1 2 4 11 17 24 28 47 58 91 97 156 182 212 238 267 333 352 438 497 524 526 559 620 695 703 752 781 918 1101 1106 1101 1172 1290 1298 1330 1342 1336 1452 1449 1390 1443 1494 1431 1494 1452 1393 1399 1284 1194 1209 1243 1245 1073 1047 1015 1007 1044 1045 1151 1188 1177 1252 1227 1195 1139 1126 1119 1059 1003 1009 933 936 894 853 725 767 848 882 960 1028 0 0 0 0 0 0 0 0 0 0 0 0 0 0 0 0 0 0 0 0 0 
0 51 0 0 0 0 0 0 0 0 0 0 0 0 0 0 0 0 2 2 1 1 1 5 6 15 13 22 19 45 60 59 56 62 82 98 112 119 121 135 148 160 158 185 215 177 221 244 234 247 305 295 321 365 352 390 330 377 335 367 405 364 413 409 352 347 356 335 316 322 298 309 296 271 277 273 285 292 300 258 287 288 310 313 302 302 285 248 257 245 215 215 181 159 179 167 144 170 166 175 0 0 0 0 0 0 0 0 0 0 0 0 0 0 0 0 0 0 0 0 0 
0 8 0 0 0 1 0 0 0 0 0 0 0 0 0 0 0 0 0 0 1 2 5 3 4 6 6 8 6 13 20 31 17 24 29 37 25 33 27 31 26 38 45 45 43 44 40 56 63 62 65 90 73 100 80 80 86 94 106 76 99 80 87 99 57 64 59 56 60 58 67 51 69 47 54 64 70 56 77 59 64 77 77 64 74 58 75 61 47 54 53 49 41 44 66 44 55 55 82 78 0 0 0 0 0 0 0 0 0 0 0 0 0 0 0 0 0 0 0 0 0 
0 0 0 0 0 0 0 0 0 0 0 0 0 0 0 0 0 0 0 1 1 0 1 1 2 5 4 14 7 14 14 14 27 31 23 29 35 34 37 43 50 44 50 53 58 43 72 84 93 77 88 79 93 89 106 90 124 99 98 104 101 107 94 93 84 105 87 81 75 73 57 56 52 56 50 56 58 64 72 57 61 68 80 59 56 55 53 54 58 41 43 51 38 40 38 41 33 33 32 38 0 0 0 0 0 0 0 0 0 0 0 0 0 0 0 0 0 0 0 0 0 
1 0 0 0 1 0 0 0 0 0 0 0 0 0 0 0 0 0 2 2 1 2 0 3 4 7 4 11 18 17 25 34 31 42 53 51 76 84 96 96 109 118 136 165 159 183 158 180 226 211 219 227 256 264 295 258 247 256 298 288 242 265 256 273 235 230 208 171 161 174 170 151 153 155 147 145 163 130 166 164 148 175 172 171 139 136 146 114 135 116 132 116 121 97 91 88 82 97 98 78 0 0 0 0 0 0 0 0 0 0 0 0 0 0 0 0 0 0 0 0 0 
4 0 0 0 0 0 0 0 0 0 0 0 0 0 0 0 0 0 0 0 0 1 3 2 3 3 2 5 3 7 7 9 10 20 14 21 14 16 18 19 15 14 29 32 22 23 20 25 30 32 26 27 29 37 39 59 35 34 37 34 40 41 27 40 39 34 23 19 25 15 19 15 23 15 22 15 22 13 11 14 25 20 21 18 22 14 18 11 12 15 14 12 16 13 15 21 18 18 10 11 0 0 0 0 0 0 0 0 0 0 0 0 0 0 0 0 0 0 0 0 0 
0 0 0 0 0 0 0 0 0 0 0 0 0 0 0 0 0 0 0 2 0 1 1 5 7 5 11 8 15 14 22 34 34 36 48 39 67 65 89 101 109 125 132 126 169 151 163 182 228 214 223 217 243 201 211 269 270 248 287 223 266 262 243 277 252 245 220 197 189 182 186 171 162 168 142 151 149 132 152 160 174 169 159 142 153 150 178 148 113 141 124 119 125 110 103 95 87 81 88 73 0 0 0 0 0 0 0 0 0 0 0 0 0 0 0 0 0 0 0 0 0 
0 0 0 0 0 0 0 0 0 0 0 0 0 0 0 0 1 0 1 1 1 5 2 2 3 4 5 11 12 19 29 26 35 33 35 49 50 56 68 68 58 85 79 98 103 93 106 99 123 111 117 156 149 138 121 138 132 142 158 135 141 131 138 139 115 80 93 87 91 84 72 94 89 97 96 77 79 81 98 104 102 101 89 90 73 75 82 92 79 75 65 76 73 68 58 64 51 63 69 65 0 0 0 0 0 0 0 0 0 0 0 0 0 0 0 0 0 0 0 0 0 
0 0 0 0 0 0 0 0 0 0 0 0 0 0 0 0 0 0 0 2 0 3 3 2 5 6 16 15 24 18 17 25 32 36 29 33 50 68 56 59 75 72 83 91 93 109 87 109 160 147 183 145 182 185 185 187 194 216 193 198 190 197 177 176 193 185 171 136 139 149 143 159 156 124 122 138 144 142 147 153 146 152 144 146 133 120 129 111 100 100 99 106 101 76 83 77 66 84 110 104 0 0 0 0 0 0 0 0 0 0 0 0 0 0 0 0 0 0 0 0 0 
26 4 0 0 0 0 0 0 0 0 0 0 0 0 0 0 2 1 4 4 9 20 24 31 56 69 97 110 160 183 228 271 329 387 391 444 535 646 694 841 863 988 1070 1258 1322 1330 1421 1733 2031 2011 2055 2109 2368 2345 2381 2417 2653 2757 2955 2935 3105 3175 3020 3198 3052 3024 2969 2892 2755 2862 2813 2926 2602 2317 2289 2417 2405 2306 2378 2309 2431 2607 2574 2494 2296 2285 2182 2037 1900 1828 1656 1592 1472 1418 1358 1329 1358 1432 1463 1493 1 0 1 0 0 0 0 0 0 0 0 0 0 0 0 0 0 0 0 0 0 
52 1 0 0 0 0 0 0 0 0 0 0 0 0 0 0 0 1 2 0 0 1 3 4 3 6 6 9 17 14 16 29 21 26 27 37 41 40 43 45 48 56 52 65 61 59 52 54 71 63 85 98 79 78 98 123 98 105 114 109 93 105 101 95 75 69 72 57 59 64 56 61 61 51 46 60 60 57 64 66 68 74 71 66 60 57 49 56 35 57 50 38 42 49 32 39 44 35 41 47 0 1 0 0 0 0 0 0 0 0 0 0 0 0 0 0 0 0 0 0 0 
0 0 0 0 0 0 0 0 0 0 0 0 0 0 0 0 0 0 0 0 0 1 0 0 1 3 1 1 4 9 6 13 12 5 24 18 27 25 27 28 26 24 37 29 29 34 30 56 34 44 40 52 53 56 48 81 65 76 69 69 85 79 67 74 71 52 51 47 55 48 38 49 44 37 43 38 37 35 51 42 48 51 51 42 43 41 30 33 27 37 24 21 30 18 26 24 25 26 32 34 0 0 0 0 0 0 0 0 0 0 0 0 0 0 0 0 0 0 0 0 0 
19 6 0 0 0 1 0 0 0 0 0 0 0 0 0 0 1 0 0 1 1 1 2 5 11 10 31 14 34 43 46 68 76 75 83 104 114 145 167 146 168 190 210 233 256 260 278 319 373 411 380 376 458 484 469 451 454 460 475 480 447 450 466 403 396 373 353 349 351 321 328 353 315 301 299 292 313 286 320 301 327 322 313 302 283 296 262 291 246 218 244 247 222 198 194 205 213 260 325 384 1 1 0 0 0 0 0 0 0 0 0 0 0 0 0 0 0 0 0 0 0 
8 7 0 0 0 0 0 0 0 0 0 0 0 1 0 0 0 2 0 2 2 4 6 7 20 17 30 60 58 70 91 92 119 146 176 199 253 274 300 368 412 440 461 572 628 624 645 711 935 832 861 906 984 993 1013 1078 1112 1173 1235 1212 1354 1341 1356 1469 1486 1430 1352 1327 1425 1412 1426 1527 1408 1338 1273 1364 1420 1383 1473 1405 1501 1474 1465 1402 1366 1313 1262 1208 1111 1031 999 911 866 829 734 698 703 733 739 796 1 0 0 1 0 0 0 0 0 0 0 0 0 0 0 0 0 0 0 0 0 
0 0 0 0 0 0 0 0 0 0 0 0 0 0 0 0 0 1 0 0 0 1 2 3 2 3 9 8 11 12 8 22 16 22 32 28 31 40 39 45 41 53 70 56 62 58 57 59 87 68 79 87 84 108 104 104 123 115 112 123 110 104 108 103 94 89 74 81 76 70 69 61 72 55 43 58 57 66 73 64 54 57 67 77 92 72 88 42 69 86 42 48 36 39 34 46 33 44 42 55 0 0 0 0 0 0 0 0 0 0 0 0 0 0 0 0 0 0 0 0 0 
