0 0 0 0 0 0 0 0 0 0 0 0 0 0 0 0 0 0 67 55 70 64 81 61 43 57 63 79 72 65 80 81 76 77 80 74 83 97 117 95 99 100 93 89 90 87 96 95 112 113 133 134 124 135 145 175 199 209 231 232 261 246 259 261 290 256 266 309 256 264 230 262 221 274 228 177 175 210 173 163 130 145 128 107 86 71 56 37 41 39 27 19 21 13 13 6 3 5 3 2 2 0 0 0 0 0 0 0 0 0 0 0 0 0 0 0 0 0 0 0 1 0 0 0 0 0 0 0 0 0 
0 0 0 0 0 0 0 0 0 0 0 0 0 0 0 0 0 0 2792 2975 2819 2720 2757 2645 2645 2514 2624 2808 2879 3151 3228 3331 3366 3410 3576 3855 3703 3690 3882 3922 3820 3627 3625 3452 3276 3408 3485 3160 3413 3764 4116 3832 3833 3786 3771 4064 4259 4460 4469 4535 4408 4357 4116 3960 3673 3430 3270 3119 3026 2923 2690 2605 2485 2578 2255 1654 1720 1694 1555 1304 1208 1015 851 835 718 665 582 449 388 335 261 175 176 121 101 63 57 26 15 11 12 5 0 2 3 1 0 0 2 0 0 0 0 0 0 0 0 0 0 0 2 0 0 0 0 0 0 0 0 0 
0 0 0 0 0 0 0 0 0 0 0 0 0 0 0 0 0 0 229 214 206 198 196 202 205 168 160 179 214 206 224 233 232 276 246 287 288 279 272 310 291 304 289 298 253 257 270 249 247 260 281 256 319 256 309 335 300 359 381 406 445 397 414 469 456 453 404 419 436 372 380 338 362 365 290 252 253 256 219 187 176 167 147 134 97 100 90 85 60 59 39 35 35 23 5 14 11 7 6 4 5 2 2 1 0 0 0 0 0 0 0 0 0 0 0 0 0 0 0 0 0 0 0 0 0 0 0 0 0 0 
0 0 0 0 0 0 0 0 0 0 0 0 0 0 0 0 0 0 303 376 391 401 390 337 301 297 333 282 333 332 358 351 345 353 367 406 418 364 363 383 395 376 330 338 327 307 312 298 302 352 337 351 293 330 312 362 405 443 439 410 453 450 478 484 446 436 449 423 415 444 397 376 367 352 312 235 242 204 210 179 182 138 148 130 128 91 100 79 76 54 58 44 31 25 17 18 12 6 4 5 0 0 1 1 0 1 0 0 0 0 0 0 0 0 0 0 0 0 0 0 1 0 0 0 0 0 0 0 0 0 
0 0 0 0 0 0 0 0 0 0 0 0 0 0 0 0 0 0 292 275 314 291 295 300 316 302 368 308 293 351 346 364 381 378 411 381 421 423 448 477 483 458 401 389 370 333 361 336 364 354 384 356 412 355 404 387 414 410 421 394 451 410 361 355 319 348 344 301 339 331 299 279 245 272 210 169 182 189 162 132 110 123 110 94 81 66 78 58 67 49 35 21 29 17 21 15 12 7 9 1 3 0 2 0 0 0 0 0 0 0 0 0 0 0 0 0 0 0 0 0 1 0 0 0 0 0 0 0 0 0 
0 0 0 0 0 0 0 0 0 0 0 0 0 0 0 0 0 0 26 25 22 29 31 28 20 22 25 27 20 34 40 37 38 33 33 36 46 46 36 36 43 42 38 19 37 22 30 36 42 37 28 37 26 43 45 33 51 48 60 71 67 75 62 71 75 68 65 64 87 53 47 72 74 45 47 37 40 39 49 28 40 32 35 27 17 26 24 21 19 12 21 8 10 8 2 5 5 2 0 5 0 0 0 0 0 0 0 0 0 0 0 0 0 0 0 0 0 0 0 0 0 0 0 0 0 0 0 0 0 0 
0 0 0 0 0 0 0 0 0 0 0 0 0 0 0 0 0 0 594 862 920 1014 925 734 589 527 561 490 497 516 533 522 565 539 548 611 610 601 622 612 612 599 534 546 495 501 451 433 463 452 480 477 513 505 474 476 523 501 517 607 566 598 605 553 593 597 619 539 628 537 496 522 442 425 393 305 307 319 297 243 225 196 215 193 160 163 129 119 116 98 67 75 46 53 33 24 28 12 12 5 3 1 1 1 1 0 0 0 0 0 0 0 0 0 0 0 0 0 0 0 0 0 0 0 0 0 0 0 0 0 
0 0 0 0 0 0 0 0 0 0 0 0 0 0 0 0 0 0 156 153 176 171 164 119 155 137 153 142 155 174 188 189 190 200 209 221 224 239 216 193 225 215 201 185 189 166 199 175 183 186 193 207 224 198 232 252 258 278 312 304 348 302 319 331 315 315 306 300 266 272 247 239 235 244 206 162 175 166 177 149 133 139 103 116 108 92 79 90 72 54 58 38 47 31 13 12 14 6 3 8 0 3 1 3 0 0 0 0 0 0 0 0 0 0 0 0 0 0 0 0 3 0 0 0 0 0 0 0 0 0 
0 0 0 0 0 0 0 0 0 0 0 0 0 0 0 0 0 0 245 262 250 206 211 209 208 192 213 225 234 237 266 295 267 266 302 293 297 340 339 326 329 320 344 302 307 273 305 303 316 351 333 339 376 314 361 364 401 385 424 432 438 422 409 428 450 409 411 365 344 371 351 303 313 316 256 172 173 226 198 180 130 150 110 120 100 95 114 74 72 63 59 35 38 15 14 13 11 5 2 0 4 0 1 0 0 0 1 0 0 0 0 0 0 0 0 0 0 0 0 0 0 0 0 0 0 0 0 0 0 0 
0 0 0 0 0 0 0 0 0 0 0 0 0 0 0 0 0 0 992 1051 1048 899 890 906 811 754 758 700 746 801 920 909 1010 991 1043 1223 1240 1260 1385 1349 1307 1316 1322 1363 1135 1238 1215 1164 1198 1320 1362 1341 1334 1255 1393 1375 1457 1400 1410 1394 1351 1271 1251 1171 1111 1040 992 912 848 818 721 718 637 655 564 424 414 440 378 360 337 283 269 238 186 176 149 136 120 120 81 58 55 43 34 27 14 10 5 5 3 3 3 0 1 1 0 0 0 0 0 0 0 0 1 0 0 0 0 0 4 0 0 0 0 0 0 0 0 0 
0 0 0 0 0 0 0 0 0 0 0 0 0 0 0 0 0 0 177 166 167 152 132 126 143 125 149 130 149 152 157 172 159 177 197 190 232 185 215 221 181 200 221 209 196 195 218 200 223 203 263 275 278 275 302 269 315 373 396 441 430 460 456 448 431 493 478 467 445 427 410 386 364 382 326 299 287 297 284 267 233 180 166 113 115 114 77 71 66 46 29 26 25 19 11 10 7 6 3 1 0 1 0 0 2 0 0 0 0 0 0 0 0 0 0 0 0 0 0 0 0 0 0 0 0 0 0 0 0 0 
0 0 0 0 0 0 0 0 0 0 0 0 0 0 0 0 0 0 59 64 81 65 69 68 65 64 74 68 73 74 98 76 88 86 75 96 100 78 126 110 82 110 89 92 91 102 83 74 88 85 74 90 90 93 101 104 126 119 122 140 137 126 145 128 150 156 134 143 127 141 108 122 116 96 87 77 101 89 74 56 89 54 40 55 51 44 28 32 27 26 21 24 19 16 13 10 4 4 3 0 2 0 0 0 0 0 0 0 0 0 0 0 0 0 0 0 0 0 0 0 1 0 0 0 0 0 0 0 0 0 
0 0 0 0 0 0 0 0 0 0 0 0 0 0 0 0 0 0 466 411 454 412 400 409 373 347 396 416 435 450 483 513 504 529 562 579 571 569 611 597 593 584 547 552 528 556 525 486 523 641 635 690 598 659 665 712 752 799 741 745 745 759 721 671 648 610 592 520 549 500 487 453 418 461 385 305 322 347 307 235 204 174 177 138 137 127 95 88 66 57 55 43 36 25 19 13 7 7 0 1 3 2 1 0 0 0 0 0 0 0 0 0 0 0 0 0 0 0 0 0 0 0 0 0 0 0 0 0 0 0 
0 0 0 0 0 0 0 0 0 0 0 0 0 0 0 0 0 0 488 628 562 567 527 477 370 373 413 427 449 480 497 527 590 609 634 657 604 549 600 661 629 641 625 589 521 495 479 471 443 516 508 509 470 457 496 441 455 518 564 543 585 539 557 521 527 512 503 507 462 439 437 378 342 358 347 261 256 273 249 217 190 176 189 135 154 159 143 104 101 76 67 60 56 36 17 24 16 5 13 2 5 0 0 1 1 0 0 0 0 0 0 0 0 0 0 0 0 0 0 0 2 0 0 0 0 0 0 0 0 0 
0 0 0 0 0 0 0 0 0 0 0 0 0 0 0 0 0 0 45 60 56 52 38 46 54 39 57 41 49 58 47 49 71 59 65 67 60 72 83 63 76 75 74 71 65 74 62 75 60 77 85 56 84 61 72 85 81 70 94 101 107 103 98 94 103 95 99 89 82 87 89 73 82 70 68 57 39 59 48 49 39 40 53 30 40 25 28 21 17 10 11 9 10 5 7 1 2 2 2 0 1 0 0 0 0 0 0 0 0 0 0 0 0 0 0 0 0 0 0 0 0 0 0 0 0 0 0 0 0 0 
0 0 0 0 0 0 0 0 0 0 0 0 0 0 0 0 0 0 24 22 12 20 30 27 30 26 32 36 35 34 43 46 45 35 50 51 52 38 47 47 49 60 43 50 27 40 50 38 30 51 47 54 44 58 67 45 62 67 54 83 99 86 90 93 93 116 103 99 100 114 77 101 89 94 71 61 56 73 49 47 39 33 36 26 26 12 15 16 10 17 15 8 4 5 4 3 6 2 3 0 0 0 0 0 0 0 0 0 0 0 0 0 0 0 0 0 0 0 0 0 0 0 0 0 0 0 0 0 0 0 
0 0 0 0 0 0 0 0 0 0 0 0 0 0 0 0 0 0 80 62 78 59 76 69 57 56 57 64 72 56 76 74 80 77 71 71 68 89 89 76 78 84 78 105 70 72 68 74 62 77 85 91 102 92 101 100 109 97 112 124 124 133 124 115 118 132 128 126 124 119 105 113 103 107 92 86 85 72 76 66 70 54 66 50 40 49 47 40 31 30 20 22 15 17 12 7 7 6 2 4 1 1 0 0 0 1 0 0 0 0 0 0 0 0 0 0 0 0 0 0 0 0 0 0 0 0 0 0 0 0 
0 0 0 0 0 0 0 0 0 0 0 0 0 0 0 0 0 0 411 474 431 396 398 300 371 356 395 444 418 480 505 501 440 475 517 547 577 560 538 567 631 622 599 546 485 511 477 504 506 596 571 579 574 550 603 698 710 774 778 865 838 851 864 873 890 876 835 810 863 834 756 771 755 731 647 509 510 572 557 463 415 363 345 289 283 204 174 157 164 113 114 93 66 81 33 21 12 14 10 6 3 5 0 0 0 1 0 0 0 0 0 0 0 0 0 0 0 0 1 0 28 0 0 0 0 0 0 0 0 0 
0 0 0 0 0 0 0 0 0 0 0 0 0 0 0 0 0 0 3429 3609 3596 3414 3438 3489 3416 3397 3512 3471 3539 3758 3964 3946 4120 4097 4312 4652 4610 4609 4586 4715 4889 4645 4379 4350 4110 4098 4154 3991 4100 4546 4911 4811 4642 4423 4588 4872 5211 5217 5298 5356 5325 5252 4977 4853 4581 4386 4173 3947 3819 3648 3341 3235 3097 3158 2731 2161 2051 2104 1951 1692 1504 1275 1222 1087 932 840 722 655 616 476 396 347 261 221 175 100 90 49 48 28 16 12 3 5 1 2 3 0 0 0 0 0 0 0 0 2 2 0 0 0 31 0 0 0 0 0 0 0 0 0 
0 0 0 0 0 0 0 0 0 0 0 0 0 0 0 0 0 0 182 175 147 142 166 149 116 144 141 169 150 172 174 165 181 197 198 205 228 203 243 203 215 246 220 216 211 199 222 212 197 222 222 197 232 189 211 213 233 227 239 237 213 227 210 227 204 196 187 199 194 163 149 144 139 141 109 105 104 80 85 83 68 65 59 52 53 41 43 31 26 28 27 18 19 11 6 8 3 1 1 3 2 0 1 0 0 0 0 0 0 0 0 0 0 0 0 0 0 0 0 0 2 1 0 0 0 0 0 0 0 0 
0 0 0 0 0 0 0 0 0 0 0 0 0 0 0 0 0 0 293 290 249 258 244 256 222 233 246 269 264 279 291 329 308 319 335 377 345 346 378 372 334 373 352 380 311 333 293 279 307 347 359 374 359 342 366 335 414 429 478 487 466 520 537 509 516 495 509 463 506 450 473 438 388 446 350 341 337 328 316 259 260 198 213 190 164 126 112 99 94 85 61 44 33 35 32 15 11 10 7 4 3 5 4 2 0 0 0 0 0 0 0 0 0 0 0 0 0 0 0 0 1 0 0 0 0 0 0 0 0 0 
0 0 0 0 0 0 0 0 0 0 0 0 0 0 0 0 0 0 69 77 70 93 76 85 56 76 70 81 85 76 91 89 92 110 99 102 112 106 106 122 103 105 103 139 122 90 101 77 99 99 91 94 137 108 151 130 149 140 178 156 153 178 186 206 199 190 170 162 166 159 136 133 117 141 143 104 108 96 109 87 83 72 69 55 67 47 45 42 23 24 34 24 22 15 8 7 8 3 3 2 2 1 0 1 0 0 1 0 0 0 0 0 0 0 0 0 0 0 0 0 0 0 0 0 0 0 0 0 0 0 
0 0 0 0 0 0 0 0 0 0 0 0 0 0 0 0 0 0 138 123 114 127 138 98 128 93 100 116 123 127 143 143 140 134 168 171 164 187 187 210 182 188 175 175 172 153 174 142 143 199 181 175 140 182 198 194 225 239 221 240 242 264 245 255 268 264 264 255 237 222 221 212 192 183 166 151 156 152 132 117 129 103 93 79 71 73 78 68 57 53 45 32 23 15 12 13 7 3 4 6 5 0 1 0 0 0 0 0 0 0 0 0 0 0 0 0 0 0 0 0 1 0 0 0 0 0 0 0 0 0 
0 0 0 0 0 0 0 0 0 0 0 0 0 0 0 0 0 0 179 160 185 164 140 168 142 130 152 161 163 168 212 198 205 198 227 207 228 217 225 245 214 226 231 226 207 225 237 226 190 208 240 241 246 256 243 275 296 348 342 340 417 377 376 371 366 366 351 334 329 352 298 281 269 323 265 258 199 222 192 196 177 177 156 163 123 122 112 97 77 72 60 54 47 36 31 14 17 11 9 3 2 2 0 0 0 0 0 0 0 0 0 0 0 0 0 0 0 0 0 0 0 0 0 0 0 0 0 0 0 0 
0 0 0 0 0 0 0 0 0 0 0 0 0 0 0 0 0 0 331 323 323 316 302 309 325 298 296 342 328 351 371 346 394 409 410 428 425 456 479 417 463 417 389 394 417 408 382 346 399 442 433 443 417 453 463 508 563 573 625 601 636 626 559 621 607 573 591 533 538 522 454 449 425 434 389 349 316 330 261 277 234 215 192 199 193 152 114 104 108 105 75 55 63 40 30 23 29 19 5 7 4 1 1 0 0 1 0 0 0 0 0 0 0 0 0 0 1 0 0 1 0 0 0 0 0 0 0 0 0 0 
0 0 0 0 0 0 0 0 0 0 0 0 0 0 0 0 0 0 36 37 34 31 33 25 24 31 33 42 46 43 52 49 47 48 51 49 46 57 53 59 55 50 56 53 54 41 59 47 43 47 39 58 55 42 50 41 74 65 76 83 75 74 75 79 86 75 66 74 65 71 67 75 73 74 59 46 35 45 46 49 30 38 24 33 32 23 10 22 13 11 16 7 8 7 8 3 4 3 0 0 2 0 0 0 0 0 0 0 0 0 0 0 0 0 0 0 0 0 1 0 2 0 0 0 0 0 0 0 0 0 
0 0 0 0 0 0 0 0 0 0 0 0 0 0 0 0 0 0 8342 9903 10029 9986 10678 12037 12694 13240 13876 14123 14280 14211 14823 14760 14477 14127 14417 14310 14137 13926 14007 13576 13443 12590 12100 11676 10829 10746 10712 10402 10413 11249 12671 12094 11863 11451 11347 12032 12662 12884 13174 13136 13341 13225 12753 12619 12298 11742 11516 11087 10650 10225 9620 9210 8624 8630 7450 5922 5691 5660 5331 4517 4092 3647 3500 3229 2861 2610 2249 1993 1876 1605 1391 1180 952 854 607 480 345 238 175 93 61 41 24 12 4 5 1 1 0 0 1 0 0 0 1 0 0 0 0 0 297 0 1 0 1 0 1 0 0 0 
0 0 0 0 0 0 0 0 0 0 0 0 0 0 0 0 0 0 138 137 141 123 96 109 114 112 93 102 123 128 127 147 144 146 153 152 153 170 166 170 174 190 145 178 149 128 139 137 152 164 170 170 151 196 190 178 196 210 247 263 252 298 270 275 254 259 254 234 215 220 223 194 173 174 184 148 157 130 123 98 101 87 83 70 51 62 77 50 51 39 30 25 20 18 10 8 9 2 5 3 0 2 0 0 0 0 0 0 0 0 0 0 0 0 0 0 0 0 0 0 0 0 0 0 0 0 0 0 0 0 
0 0 0 0 0 0 0 0 0 0 0 0 0 0 0 0 0 0 103 129 102 106 104 90 109 100 106 94 105 122 113 174 144 148 157 154 201 174 188 206 187 174 152 163 152 142 180 166 172 173 174 199 173 153 193 204 267 263 275 291 307 285 289 318 294 282 286 297 301 336 297 282 267 252 240 188 183 196 174 149 133 143 105 89 113 81 59 46 38 37 40 16 27 13 10 6 5 6 2 3 0 3 0 0 0 0 0 0 0 0 0 0 0 0 0 0 0 0 0 1 1 0 0 0 0 0 0 0 0 0 
0 0 0 0 0 0 0 0 0 0 0 0 0 0 0 0 0 0 240 292 292 258 262 262 269 254 286 311 329 324 365 398 399 425 420 426 409 425 416 442 425 443 408 353 335 350 339 374 381 409 438 414 389 450 434 431 476 529 503 521 486 500 510 444 455 417 383 400 375 379 328 329 320 324 253 204 221 263 204 174 171 172 150 131 102 96 70 66 65 50 45 30 27 12 15 8 9 6 4 1 0 0 2 0 0 0 0 0 0 0 0 0 0 0 0 0 0 0 0 0 4 0 0 0 0 0 0 0 0 0 
0 0 0 0 0 0 0 0 0 0 0 0 0 0 0 0 0 0 240 236 240 182 223 196 169 191 208 200 236 246 273 248 275 288 292 322 345 313 341 386 355 349 375 330 350 337 298 308 339 387 350 371 347 346 383 411 452 473 498 531 560 550 612 584 626 604 634 653 611 653 547 470 556 506 416 339 347 358 363 277 258 235 212 156 153 131 113 111 84 63 75 51 40 30 26 17 13 4 4 2 1 1 1 0 1 0 0 0 0 0 2 0 0 0 0 0 0 0 0 0 4 0 0 0 0 0 0 0 0 0 
0 0 0 0 0 0 0 0 0 0 0 0 0 0 0 0 0 0 57 63 70 62 50 49 52 41 60 50 52 64 72 59 74 61 80 82 73 68 78 95 90 79 70 80 61 81 92 87 70 78 91 96 79 85 75 95 88 112 111 121 126 153 140 120 129 131 99 133 119 110 114 88 81 76 60 62 59 56 53 67 63 44 52 39 39 35 36 24 25 15 14 10 10 11 7 1 3 3 6 2 1 0 1 0 0 0 0 1 0 0 0 0 0 0 0 0 0 0 0 3 0 0 0 0 0 0 0 0 0 0 
0 0 0 0 0 0 0 0 0 0 0 0 0 0 0 0 0 0 111 102 82 92 95 76 82 91 105 79 96 94 109 114 102 114 116 127 126 145 127 136 143 136 141 136 133 140 123 126 157 152 169 147 127 169 131 151 161 173 201 213 199 206 229 225 195 229 207 176 173 199 175 146 144 157 132 109 88 103 104 93 75 67 71 57 52 46 36 27 27 23 19 11 7 12 7 5 2 2 0 2 1 0 1 0 0 0 0 0 0 0 0 0 0 0 0 0 0 0 0 0 0 0 0 0 0 0 0 0 0 0 
0 0 0 0 0 0 0 0 0 0 0 0 0 0 0 0 0 0 280 298 297 247 236 255 240 233 236 296 315 271 281 320 323 312 321 346 330 376 380 339 365 362 355 315 309 285 290 277 327 326 326 345 314 335 356 395 376 402 466 473 526 469 478 526 494 510 493 482 460 434 383 403 339 346 299 271 261 291 235 225 190 191 158 153 150 120 96 97 77 68 55 48 40 24 28 24 22 16 5 8 1 3 3 0 0 0 2 0 0 0 0 0 0 0 0 0 0 0 0 0 3 0 0 0 0 0 0 0 0 0 
0 0 0 0 0 0 0 0 0 0 0 0 0 0 0 0 0 0 26 26 40 21 34 28 26 25 30 34 21 28 35 44 23 42 36 33 36 29 29 27 32 38 32 35 29 32 35 29 35 42 48 44 35 37 36 39 49 47 59 58 41 49 51 55 66 47 62 54 73 54 49 58 46 47 44 40 45 33 29 25 20 26 21 16 19 20 9 13 4 17 12 8 8 5 3 5 1 1 0 0 1 0 0 0 0 0 0 0 0 0 0 0 0 0 0 0 0 0 0 0 0 0 0 0 0 0 0 0 0 0 
0 0 0 0 0 0 0 0 0 0 0 0 0 0 0 0 0 0 57 81 71 54 50 43 48 50 55 47 57 89 70 74 65 66 87 69 67 75 77 88 105 83 74 79 80 78 80 86 97 98 99 88 106 105 122 131 136 132 138 156 140 136 163 181 194 149 152 163 168 183 171 140 127 135 111 76 91 90 84 77 62 62 59 49 46 54 31 28 21 29 11 19 9 9 9 3 3 2 2 3 0 2 0 0 0 0 0 0 0 0 0 0 0 0 0 0 0 0 0 0 2 0 0 0 0 0 0 0 0 0 
0 0 0 0 0 0 0 0 0 0 0 0 0 0 0 0 0 0 32 24 30 22 19 31 27 26 36 25 32 36 41 36 45 33 35 48 46 50 55 49 40 37 38 41 38 50 36 41 43 38 36 44 35 41 40 41 57 55 67 71 83 82 83 89 94 79 82 83 78 83 68 52 50 58 46 40 45 34 39 38 40 41 30 26 26 20 16 16 14 21 9 14 9 8 9 8 3 3 4 0 0 3 0 0 0 0 0 0 0 0 0 0 0 0 0 0 0 0 0 0 0 0 0 0 0 0 0 0 0 0 
0 0 0 0 0 0 0 0 0 0 0 0 0 0 0 0 0 0 79 59 51 64 52 70 52 72 50 58 69 71 66 87 76 94 84 92 77 100 92 92 134 97 93 99 87 91 88 75 88 83 90 88 101 90 116 94 122 134 131 148 180 180 174 173 180 162 196 188 157 177 149 152 131 119 104 103 86 96 91 97 64 56 69 57 62 56 36 36 30 30 26 25 10 17 8 6 11 4 3 0 1 2 0 1 0 0 0 0 0 0 0 0 0 0 0 0 0 0 0 1 2 0 0 0 0 0 0 0 0 0 
0 0 0 0 0 0 0 0 0 0 0 0 0 0 0 0 0 0 19 18 12 18 13 14 11 21 19 14 29 27 19 32 28 26 35 37 32 28 29 23 38 39 30 34 23 30 23 27 31 32 28 24 35 42 43 56 40 47 55 52 43 59 77 47 66 72 68 73 52 58 59 61 44 45 31 23 29 36 26 20 20 28 25 25 20 13 6 12 9 7 8 5 3 3 2 2 0 3 0 1 1 0 0 0 1 0 0 0 0 0 0 0 0 0 0 0 0 0 0 0 0 0 0 0 0 0 0 0 0 0 
0 0 0 0 0 0 0 0 0 0 0 0 0 0 0 0 0 0 194 228 193 195 201 199 191 190 175 218 176 218 228 232 196 223 249 257 220 271 305 276 293 294 285 294 247 248 215 221 254 273 344 285 298 284 304 317 361 340 366 339 371 370 322 359 299 323 353 266 283 264 266 282 241 218 208 181 147 163 171 134 146 116 111 95 84 63 65 55 42 44 39 16 15 15 15 11 3 0 5 5 2 1 0 0 1 0 0 0 0 0 0 0 0 0 0 0 0 0 0 0 0 0 0 0 0 0 0 0 0 0 
0 0 0 0 0 0 0 0 0 0 0 0 0 0 0 0 0 0 36 31 37 26 28 18 27 30 29 36 23 37 36 38 36 53 46 43 39 44 38 44 43 43 42 48 37 46 38 31 40 59 42 50 36 47 51 59 54 55 41 68 72 58 71 64 61 74 61 72 64 67 63 43 53 44 41 41 46 37 40 33 29 33 38 26 32 25 22 17 18 17 14 10 13 4 4 5 5 2 2 2 2 0 0 1 0 0 0 1 0 0 0 0 0 0 0 0 0 0 0 0 0 0 0 0 0 0 0 0 0 0 
0 0 0 0 0 0 0 0 0 0 0 0 0 0 0 0 0 0 182 214 195 158 194 151 137 138 128 122 178 170 189 177 203 179 178 175 206 193 211 206 222 218 223 176 187 196 204 158 168 212 190 200 185 181 193 185 246 241 245 238 254 237 278 259 256 234 251 217 217 183 200 154 178 165 145 122 128 130 129 101 110 99 80 57 92 62 56 52 47 47 42 26 25 22 15 13 2 4 4 1 1 0 1 0 0 1 0 0 0 0 0 0 0 0 0 0 0 0 0 0 0 0 0 0 0 0 0 0 0 0 
0 0 0 0 0 0 0 0 0 0 0 0 0 0 0 0 0 0 256 273 239 223 241 263 219 226 243 231 261 294 268 292 337 300 293 319 316 354 318 304 325 364 322 326 300 297 322 297 367 362 375 373 313 344 362 374 384 412 416 411 430 432 387 367 411 369 357 345 354 344 308 327 289 308 267 244 240 225 221 199 190 167 145 142 126 104 93 72 74 58 51 37 36 24 14 20 14 3 11 4 1 3 1 0 2 0 0 0 0 0 0 0 0 0 0 0 0 0 0 0 0 0 0 0 0 0 0 0 0 0 
0 0 0 0 0 0 0 0 0 0 0 0 0 0 0 0 0 0 24 27 23 16 28 30 28 25 21 14 22 20 31 25 18 26 26 29 33 22 35 22 29 27 35 35 28 31 28 24 41 38 21 39 23 37 29 34 50 48 50 50 57 65 41 50 54 52 57 54 47 48 49 45 55 43 38 31 30 27 25 25 26 13 15 20 13 18 11 10 14 8 8 4 4 3 2 2 2 1 0 1 1 0 0 0 0 0 0 0 0 0 0 0 0 0 0 0 0 0 0 0 0 0 0 0 0 0 0 0 0 0 
0 0 0 0 0 0 0 0 0 0 0 0 0 0 0 0 0 0 52 50 48 58 53 47 44 50 49 51 61 50 63 66 66 73 57 84 91 82 65 70 71 86 71 61 68 58 56 61 79 79 75 72 69 80 74 87 115 104 97 98 104 111 115 108 112 116 137 103 112 104 106 82 81 84 87 56 64 51 50 41 46 55 52 37 35 33 25 18 14 15 18 10 15 12 4 3 5 3 1 2 0 0 1 1 0 0 0 0 0 0 0 0 0 0 0 0 0 0 0 0 0 0 0 0 0 0 0 0 0 0 
0 0 0 0 0 0 0 0 0 0 0 0 0 0 0 0 0 0 93 119 106 107 100 98 92 95 111 121 105 128 129 109 116 130 141 156 147 157 156 143 157 138 145 134 111 112 163 117 130 145 159 152 150 155 171 168 186 183 219 207 237 242 234 229 282 249 230 228 234 215 188 213 196 195 144 138 145 147 124 108 102 83 91 83 82 74 53 44 54 56 31 28 24 25 17 8 7 4 5 0 0 1 0 0 0 0 0 0 0 0 0 0 0 0 0 0 0 0 0 0 0 0 0 0 0 0 0 0 0 0 
0 0 0 0 0 0 0 0 0 0 0 0 0 0 0 0 0 0 163 164 153 153 168 139 132 178 137 148 154 131 187 147 190 196 194 196 184 212 171 211 219 211 193 181 184 184 213 180 183 225 217 202 188 222 214 219 232 295 264 316 287 299 294 271 270 292 293 274 275 254 249 225 200 160 185 141 147 151 145 133 104 108 96 93 85 75 51 43 57 43 36 22 23 24 15 5 4 6 0 4 1 1 0 0 0 0 0 0 0 0 0 0 0 0 0 0 0 0 0 0 0 0 0 0 0 0 0 0 0 0 
0 0 0 0 0 0 0 0 0 0 0 0 0 0 0 0 0 0 172 133 170 140 134 128 152 142 150 163 163 166 204 163 203 199 197 208 223 193 248 235 249 243 210 220 175 217 222 196 214 229 222 231 238 235 185 246 247 298 321 300 303 271 290 260 260 238 251 230 247 212 186 186 233 203 178 148 118 155 137 130 141 125 87 80 87 74 54 50 36 28 26 30 13 19 8 7 6 1 4 2 0 0 0 0 0 0 0 0 0 0 0 0 0 0 0 0 0 0 0 0 3 0 0 0 0 0 0 0 0 0 
0 0 0 0 0 0 0 0 0 0 0 0 0 0 0 0 0 0 208 235 198 225 226 198 197 189 191 226 209 237 200 270 245 286 285 300 301 302 283 343 307 316 333 299 287 262 234 215 279 302 349 299 282 317 351 339 373 378 405 390 428 420 430 422 424 448 369 391 382 352 356 320 293 308 249 210 219 209 225 166 175 157 117 150 92 83 90 84 79 63 51 48 24 33 12 14 8 4 3 3 0 2 0 0 0 0 0 0 0 0 0 0 0 0 0 1 0 0 0 0 1 0 0 0 0 0 0 0 0 0 
0 0 0 0 0 0 0 0 0 0 0 0 0 0 0 0 0 0 258 264 261 242 228 227 197 191 199 213 216 265 234 275 260 221 273 284 257 294 320 293 293 301 248 241 248 243 290 269 275 286 309 325 292 281 312 349 347 350 376 390 400 417 388 361 354 380 364 342 341 343 317 342 318 293 287 192 212 203 204 188 162 165 141 115 139 118 109 98 114 92 74 50 56 38 22 23 17 13 8 9 2 3 1 3 1 0 0 0 0 0 0 0 0 0 0 0 0 0 0 0 0 0 0 0 0 0 0 0 0 0 
0 0 0 0 0 0 0 0 0 0 0 0 0 0 0 0 0 0 50 60 35 48 41 48 37 44 34 35 41 57 51 59 56 56 56 74 65 46 65 76 69 59 74 76 56 70 53 52 59 56 67 67 72 69 73 74 90 81 111 76 106 104 115 116 117 113 106 118 108 120 91 95 104 77 76 77 64 58 64 50 55 48 42 44 39 39 34 30 21 16 23 21 16 6 8 3 2 4 3 0 0 0 0 0 0 0 0 0 0 0 0 0 0 0 0 0 0 0 0 0 0 0 0 0 0 0 0 0 0 0 
0 0 0 0 0 0 0 0 0 0 0 0 0 0 0 0 0 0 271 313 353 314 249 233 232 200 201 219 244 283 259 273 285 319 296 329 356 337 375 344 369 354 334 322 314 269 278 285 275 293 310 255 279 264 285 260 337 331 335 326 341 369 347 353 325 372 317 348 323 323 289 273 260 262 247 191 169 160 155 138 129 127 134 89 96 86 65 59 48 44 45 25 26 21 20 17 12 9 5 4 5 2 1 0 1 0 0 0 0 0 0 0 0 0 0 0 0 0 0 0 0 0 0 0 0 0 0 0 0 0 
0 0 0 0 0 0 0 0 0 0 0 0 0 0 0 0 0 0 119 148 102 87 79 114 99 85 111 110 109 91 105 98 119 124 127 105 118 107 112 114 110 117 98 97 106 114 104 99 100 141 136 118 134 116 140 160 150 181 183 144 167 205 166 203 196 176 201 175 161 173 149 130 134 115 118 114 95 117 90 80 87 74 74 82 53 40 50 41 31 31 24 22 13 13 17 7 4 5 1 6 1 2 0 0 0 0 0 0 0 0 0 0 0 0 0 0 0 0 0 0 0 0 0 0 0 0 0 0 0 0 
0 0 0 0 0 0 0 0 0 0 0 0 0 0 0 0 0 0 45 40 39 37 35 29 30 27 30 38 34 37 37 40 51 39 33 45 25 35 40 52 47 47 49 51 43 45 51 41 41 57 47 50 46 49 58 51 65 92 79 73 86 74 66 83 59 70 66 76 81 70 48 51 77 55 54 42 57 47 39 42 24 26 25 34 21 24 27 17 17 17 7 13 5 1 8 3 5 1 4 0 0 0 0 0 0 0 0 0 0 0 0 0 0 0 0 0 0 0 0 0 0 0 0 0 0 0 0 0 0 0 
0 0 0 0 0 0 0 0 0 0 0 0 0 0 0 0 0 0 1070 1069 1101 979 1114 1230 1297 1452 1317 1461 1481 1566 1576 1602 1569 1509 1515 1604 1643 1623 1657 1581 1577 1545 1516 1423 1365 1426 1297 1242 1211 1334 1491 1386 1314 1348 1333 1458 1545 1628 1669 1697 1771 1776 1776 1702 1609 1383 1438 1440 1374 1246 1151 1080 1069 1117 975 795 810 790 816 654 615 561 544 514 456 416 346 273 284 240 209 149 127 112 68 60 47 29 22 9 9 4 2 1 1 0 0 0 0 0 0 0 0 0 0 0 0 0 0 0 0 0 0 0 0 0 0 0 0 0 
0 0 0 0 0 0 0 0 0 0 0 0 0 0 0 0 0 0 370 401 336 325 371 327 323 311 320 353 355 400 418 430 436 425 473 447 499 478 544 536 529 492 479 431 461 451 395 387 406 461 547 492 507 536 542 562 628 698 749 783 805 802 854 859 805 849 849 815 809 760 744 803 699 639 563 500 474 498 457 411 362 333 318 292 266 244 193 168 134 119 108 95 80 51 42 29 18 20 17 8 2 4 2 0 4 1 1 0 1 1 0 0 0 0 0 0 0 0 0 0 0 0 0 0 0 0 0 0 0 0 
0 0 0 0 0 0 0 0 0 0 0 0 0 0 0 0 0 0 66 89 80 73 81 74 80 81 72 91 98 106 110 115 119 103 113 132 112 123 109 132 135 111 108 101 96 112 124 106 124 127 119 110 113 92 111 122 112 116 137 147 164 160 164 144 162 152 136 160 130 107 115 107 98 92 108 76 73 68 81 56 64 58 37 54 40 33 35 31 20 18 16 16 11 13 7 5 2 4 3 2 1 0 0 0 0 0 0 0 0 0 0 0 0 0 0 0 0 0 0 0 0 0 0 0 0 0 0 0 0 0 
0 0 0 0 0 0 0 0 0 0 0 0 0 0 0 0 0 0 153 155 156 146 127 125 112 123 149 134 160 154 153 173 191 232 195 202 221 212 233 239 227 256 213 239 217 211 212 188 226 249 282 250 256 260 268 288 330 334 377 373 374 398 369 384 385 370 378 341 315 339 284 311 269 280 194 179 218 188 186 169 140 119 104 130 94 88 78 45 42 36 33 30 21 11 11 14 5 1 2 1 1 1 0 0 0 0 0 0 0 0 0 0 0 0 0 0 0 0 0 0 1 0 0 0 0 0 0 0 0 0 
0 0 0 0 0 0 0 0 0 0 0 0 0 0 0 0 0 0 69 58 54 44 54 63 49 53 47 54 71 55 55 56 68 49 75 73 59 57 78 72 63 62 62 51 53 69 65 56 66 80 71 72 67 63 85 80 76 104 98 114 107 105 105 96 121 99 128 93 86 83 90 95 66 75 80 62 58 53 54 52 41 44 57 42 45 32 38 30 31 26 20 13 14 8 6 5 3 1 3 2 0 3 0 0 0 0 0 0 0 0 0 0 0 0 0 0 0 0 0 0 0 0 0 0 0 0 0 0 0 0 
0 0 0 0 0 0 0 0 0 0 0 0 0 0 0 0 0 0 181 199 181 168 188 159 149 147 138 176 168 169 205 208 215 248 229 245 252 243 258 256 256 229 223 219 216 212 205 219 216 223 253 218 228 246 249 264 298 305 312 334 338 306 310 356 298 328 339 335 290 280 237 248 260 219 188 183 160 168 165 130 127 131 98 110 101 91 79 57 55 57 50 46 31 24 20 8 8 5 4 3 2 1 1 1 1 0 0 0 0 0 0 0 0 0 0 0 0 0 0 0 2 0 0 0 0 0 0 0 0 0 
0 0 0 0 0 0 0 0 0 0 0 0 0 0 0 0 0 0 61 66 58 56 69 68 64 54 63 72 75 99 83 73 90 93 106 89 126 111 127 115 115 105 87 89 92 76 81 81 84 88 101 90 98 97 94 105 119 129 134 152 149 160 135 191 166 179 156 167 131 137 160 145 137 126 119 97 91 87 81 68 72 55 56 44 47 32 37 23 23 20 19 18 13 10 8 4 2 4 0 2 1 1 1 0 0 0 0 0 0 0 0 0 0 0 0 0 0 0 0 0 0 0 1 0 0 0 0 0 0 0 
0 0 0 0 0 0 0 0 0 0 0 0 0 0 0 0 0 0 3326 3956 4170 4173 4284 4530 4714 5028 5145 5145 5351 5407 5678 5467 5471 5407 5343 5343 5340 5260 5323 5175 4848 4630 4496 4205 4009 3984 3958 3798 3895 4051 4476 4490 4475 4194 4298 4457 4806 4781 5026 5149 5444 5154 5202 5150 5033 5085 4793 4625 4536 4561 4139 4027 3645 3769 3279 2546 2438 2409 2373 1920 1833 1564 1530 1354 1296 1125 1020 939 857 735 646 508 424 358 290 230 156 112 82 70 33 14 3 2 2 4 1 1 1 0 0 0 0 0 0 1 0 0 0 0 1 0 0 0 0 0 0 0 0 0 
0 0 0 0 0 0 0 0 0 0 0 0 0 0 0 0 0 0 15 32 22 23 18 14 18 17 14 14 20 20 18 32 39 25 21 36 26 44 21 37 37 43 35 47 23 18 32 32 33 19 39 29 27 33 31 32 35 51 44 39 46 37 45 40 44 53 42 45 49 27 37 47 29 28 24 28 19 28 18 14 17 20 17 13 11 6 15 6 8 13 5 4 5 0 0 3 1 1 0 1 0 0 0 0 0 0 0 0 0 0 0 0 0 0 0 0 0 0 0 0 0 0 0 0 0 0 0 0 0 0 
0 0 0 0 0 0 0 0 0 0 0 0 0 0 0 0 0 0 108 81 85 98 83 90 80 89 95 98 116 119 105 125 115 133 120 130 122 137 121 126 119 96 119 111 110 111 107 110 109 118 117 118 123 142 132 155 137 160 147 157 191 171 168 182 167 180 142 170 148 157 145 133 125 124 110 105 94 97 81 95 88 75 77 55 45 47 38 35 23 32 26 17 18 15 16 7 10 8 6 2 0 1 0 0 0 0 0 0 0 0 0 0 0 0 0 0 0 0 0 0 0 0 0 0 0 0 0 0 0 0 
0 0 0 0 0 0 0 0 0 0 0 0 0 0 0 0 0 0 78 88 91 80 93 82 62 84 71 78 97 77 85 105 112 119 105 119 141 112 114 138 114 97 96 112 112 90 113 84 105 108 119 137 124 141 129 115 161 172 161 159 181 200 185 197 185 198 174 175 146 155 138 137 115 125 112 88 95 98 99 86 73 71 66 55 41 41 62 39 39 36 22 22 14 13 6 7 3 4 1 3 5 2 0 0 0 0 0 0 0 0 0 0 0 0 0 0 0 0 0 0 0 0 0 0 0 0 0 0 0 0 
0 0 0 0 0 0 0 0 0 0 0 0 0 0 0 0 0 0 689 866 872 818 599 400 386 340 361 365 388 429 462 477 492 489 493 529 507 512 517 514 588 516 508 528 495 450 505 494 472 564 633 613 570 565 611 597 671 683 676 682 662 755 738 663 656 633 617 585 563 587 519 472 470 514 419 354 315 340 317 290 252 245 209 208 196 152 146 117 126 97 80 57 43 42 27 28 20 9 9 4 2 1 0 1 0 0 0 0 0 1 0 0 0 0 0 0 0 0 0 0 0 0 0 0 0 0 0 0 0 0 
0 0 0 0 0 0 0 0 0 0 0 0 0 0 0 0 0 0 85 64 77 64 50 53 49 41 63 49 53 60 57 72 58 62 77 70 65 73 86 79 70 92 94 71 72 106 75 77 69 90 88 64 91 60 66 96 81 96 84 111 102 108 94 121 110 86 105 94 97 84 91 99 83 95 71 66 65 67 56 54 51 47 48 42 36 37 28 31 16 17 28 13 12 17 3 7 5 1 0 0 0 1 0 0 0 0 1 0 0 0 0 0 0 0 0 0 0 0 0 0 0 0 0 0 0 0 0 0 0 0 
0 0 0 0 0 0 0 0 0 0 0 0 0 0 0 0 0 0 86 93 82 79 98 103 96 86 80 64 84 87 86 127 114 90 113 113 112 113 126 99 122 146 93 127 126 134 106 133 133 139 135 141 152 151 168 177 158 176 184 166 208 191 162 175 157 184 177 153 164 143 137 129 125 116 95 73 95 84 89 71 56 62 63 44 53 44 43 25 24 24 13 9 12 14 11 7 2 0 4 3 0 0 0 1 0 0 0 0 0 0 0 0 0 0 0 0 0 0 0 0 1 0 0 0 0 0 0 0 0 0 
0 0 0 0 0 0 0 0 0 0 0 0 0 0 0 0 0 0 1315 1768 1883 1855 1883 1613 1482 1374 1388 1437 1548 1507 1651 1684 1724 1693 1742 1713 1726 1770 1849 1849 1863 1721 1626 1672 1529 1592 1448 1466 1513 1584 1787 1616 1577 1624 1723 1737 1942 1999 2195 2246 2347 2363 2349 2549 2530 2508 2497 2519 2429 2257 2042 2067 1918 1880 1594 1252 1210 1252 1174 982 882 752 811 663 603 587 447 422 380 318 270 241 192 154 118 80 59 46 17 19 10 4 2 3 1 0 1 0 0 0 0 0 0 0 0 0 0 0 0 0 0 0 0 0 0 0 0 0 0 0 
0 0 0 0 0 0 0 0 0 0 0 0 0 0 0 0 0 0 1375 1342 1349 1288 1209 1097 1071 1068 1031 1074 1075 1145 1200 1317 1324 1393 1517 1523 1586 1672 1697 1724 1777 1720 1787 1689 1661 1683 1651 1589 1652 1798 1991 1846 1717 1763 1712 1800 1843 1808 1811 1697 1636 1596 1436 1401 1271 1115 1043 1053 1005 979 911 861 779 843 715 595 600 555 493 400 388 318 312 241 241 193 200 155 123 95 99 56 45 43 43 27 23 9 9 5 4 2 0 0 0 0 0 0 0 0 0 0 0 0 0 0 0 0 0 0 2 0 0 0 0 0 0 0 0 0 
0 0 0 0 0 0 0 0 0 0 0 0 0 0 0 0 0 0 826 850 830 791 749 655 641 638 651 725 709 801 874 874 964 990 991 1034 1043 1012 1067 1066 1094 1060 1039 1065 962 1009 959 997 1044 1103 1181 1144 1112 1043 1078 1069 1156 1144 1117 1122 1052 1049 954 892 835 837 785 736 763 718 635 622 592 580 500 395 370 407 384 261 268 236 205 190 182 127 110 101 102 77 51 61 39 35 31 20 13 9 4 4 2 0 0 0 0 1 0 0 0 0 0 0 0 0 0 0 0 0 0 0 2 0 0 0 0 0 0 0 0 0 
0 0 0 0 0 0 0 0 0 0 0 0 0 0 0 0 0 0 84 96 115 91 77 106 87 86 75 101 81 114 101 122 123 118 120 139 122 126 137 131 123 140 122 111 136 118 103 119 133 136 116 157 148 125 136 157 160 181 196 199 195 202 176 182 176 162 149 149 135 130 131 138 101 114 89 87 96 86 94 67 56 59 64 39 61 59 44 36 32 26 22 20 10 6 16 6 6 2 2 0 0 0 2 0 0 0 0 0 0 0 0 0 0 0 0 0 0 0 0 0 2 0 0 0 0 0 0 0 0 0 
0 0 0 0 0 0 0 0 0 0 0 0 0 0 0 0 0 0 1126 1339 1369 1437 1340 1192 1133 1082 1062 1000 1163 1211 1213 1211 1297 1280 1295 1376 1393 1355 1464 1401 1475 1360 1350 1324 1210 1221 1144 1156 1199 1243 1403 1379 1372 1362 1415 1564 1576 1627 1664 1597 1651 1629 1539 1605 1564 1508 1466 1465 1385 1366 1234 1173 1163 1141 961 807 770 712 707 633 583 536 537 475 433 357 328 264 226 198 180 150 94 84 55 42 28 24 14 9 5 2 1 0 2 0 1 0 0 0 0 0 0 0 0 0 0 0 0 0 0 0 0 0 0 0 0 0 0 0 
0 0 0 0 0 0 0 0 0 0 0 0 0 0 0 0 0 0 270 247 250 239 241 212 248 224 245 241 225 217 303 293 324 317 313 336 376 352 364 355 354 330 297 347 335 323 321 322 326 337 360 352 365 350 381 389 407 394 439 445 403 449 394 357 401 363 412 386 399 342 318 322 267 255 252 232 178 223 194 169 167 155 138 120 115 112 99 82 62 53 59 62 47 16 20 15 14 6 5 1 1 1 2 2 0 0 0 0 0 0 0 0 0 0 0 0 0 0 0 0 46 0 0 0 0 0 0 0 0 0 
0 0 0 0 0 0 0 0 0 0 0 0 0 0 0 0 0 0 63 96 127 131 108 89 63 73 60 69 68 59 61 65 67 58 75 87 62 77 78 82 90 75 66 85 64 71 70 61 55 70 58 77 65 64 59 67 71 60 103 95 83 107 83 109 98 89 85 88 109 79 93 76 66 65 60 42 49 46 46 47 41 30 30 29 37 24 33 28 23 14 28 16 11 6 7 6 4 4 3 4 2 1 0 0 0 0 0 0 0 0 0 0 0 0 0 0 1 0 0 0 7 0 0 0 0 0 0 0 0 0 
0 0 0 0 0 0 0 0 0 0 0 0 0 0 0 0 0 0 44 44 47 52 50 42 46 46 51 39 51 46 53 45 59 65 65 64 58 59 69 85 71 59 64 77 66 59 58 48 63 56 49 63 70 78 81 88 93 83 92 99 94 90 84 92 91 114 81 97 76 78 72 74 54 78 67 59 27 33 39 38 33 34 32 24 22 17 13 14 18 6 7 8 3 1 5 1 1 0 0 0 0 0 0 0 0 0 0 0 0 0 0 0 0 0 0 0 0 0 0 0 0 0 0 0 0 0 0 0 0 0 
0 0 0 0 0 0 0 0 0 0 0 0 0 0 0 0 0 0 155 170 150 143 117 124 116 116 141 111 119 157 153 157 149 175 146 173 167 175 200 202 211 171 191 192 159 189 173 155 167 185 171 201 205 188 194 251 261 274 312 294 302 279 325 332 288 277 293 315 291 281 242 236 220 225 196 170 188 167 167 143 115 114 95 94 78 74 51 52 44 31 30 20 17 18 9 5 7 3 2 0 2 1 2 1 0 0 0 0 0 0 0 0 0 0 0 0 0 1 0 0 0 0 0 0 0 0 0 0 0 0 
0 0 0 0 0 0 0 0 0 0 0 0 0 0 0 0 0 0 18 14 22 15 14 17 20 23 26 19 16 15 19 22 18 21 13 19 20 24 25 25 24 26 18 15 17 26 23 25 17 32 19 24 18 31 25 27 42 44 42 29 44 42 39 39 37 40 63 40 41 33 27 27 33 30 28 23 26 23 32 29 15 17 22 18 17 14 18 14 20 12 5 5 7 3 8 5 1 2 2 3 1 1 0 1 0 0 0 0 0 0 0 0 0 0 0 0 0 0 0 0 0 0 0 0 0 0 0 0 0 0 
0 0 0 0 0 0 0 0 0 0 0 0 0 0 0 0 0 0 153 135 122 123 117 130 112 125 141 127 144 173 162 167 182 156 197 210 192 184 168 181 190 199 179 168 154 168 169 168 186 198 209 207 208 227 232 252 275 265 314 281 302 295 252 309 272 293 301 230 228 257 242 249 223 239 190 166 157 174 135 136 126 109 98 93 68 68 43 48 36 36 31 20 17 19 6 9 2 5 6 3 1 0 2 0 0 0 0 0 0 0 0 0 0 0 0 0 0 0 0 0 0 0 0 0 0 0 0 0 0 0 
0 0 0 0 0 0 0 0 0 0 0 0 0 0 0 0 0 0 98 80 76 86 82 78 76 65 80 83 83 105 100 83 96 98 122 102 90 100 108 111 111 111 119 116 102 93 91 112 112 108 113 81 103 106 97 111 101 133 153 157 162 151 146 168 160 148 152 138 151 160 173 124 122 133 107 114 97 104 105 78 83 62 72 63 50 51 45 36 31 31 22 26 20 12 9 5 5 3 2 1 4 1 1 1 0 1 0 0 0 0 0 0 0 0 0 0 0 0 0 0 0 0 0 0 0 0 0 0 0 0 
0 0 0 0 0 0 0 0 0 0 0 0 0 0 0 0 0 0 114 126 125 113 129 126 106 85 107 114 106 124 130 116 135 126 144 148 156 148 172 166 177 172 163 161 155 159 154 127 141 156 174 171 163 161 154 188 208 205 189 195 208 206 216 211 231 203 192 194 191 197 154 200 154 169 116 84 108 92 91 84 71 79 56 56 65 50 31 28 33 31 21 17 15 22 14 16 7 6 1 1 2 0 2 0 0 0 0 0 0 0 0 0 0 0 0 0 0 0 0 0 0 0 0 0 0 0 0 0 0 0 
0 0 0 0 0 0 0 0 0 0 0 0 0 0 0 0 0 0 2385 2484 2325 2253 2215 2141 2018 1938 1905 1962 1990 2044 2170 2213 2405 2420 2570 2728 2773 2809 3009 3095 3096 2874 2753 2767 2688 2754 2808 2620 2665 2919 3282 3154 3170 3094 3184 3278 3375 3389 3509 3333 3525 3402 3214 3184 2980 2846 2585 2540 2518 2544 2248 2183 2143 2155 1837 1499 1402 1384 1324 1118 1013 904 863 715 661 547 448 404 389 339 275 223 175 158 106 82 69 50 27 22 13 8 6 2 1 2 0 0 0 0 0 0 0 0 0 0 0 0 0 0 1 0 0 0 0 0 0 0 0 0 
0 0 0 0 0 0 0 0 0 0 0 0 0 0 0 0 0 0 49 61 65 51 58 57 56 62 48 40 69 57 44 65 67 47 68 55 68 74 76 84 82 82 72 77 70 68 67 56 61 70 69 60 70 82 67 77 88 87 103 118 115 108 121 133 118 104 129 102 84 91 101 93 64 79 59 54 65 63 68 54 61 48 46 42 35 42 39 28 24 22 25 13 14 15 8 6 4 3 4 3 1 0 0 1 1 0 0 0 0 0 0 0 0 0 0 0 0 0 0 0 1 0 0 0 0 0 0 0 0 0 
0 0 0 0 0 0 0 0 0 0 0 0 0 0 0 0 0 0 40 40 44 33 47 44 39 38 45 34 26 40 24 47 45 37 39 34 48 50 55 56 69 53 52 61 44 41 42 51 45 46 64 44 56 65 57 56 58 72 85 76 87 101 79 75 83 64 94 55 57 59 57 44 48 44 59 30 32 28 27 34 24 25 22 25 25 21 19 22 6 13 15 6 8 3 1 0 2 0 0 0 0 0 0 0 0 0 0 0 0 0 0 0 0 0 0 0 0 0 0 0 0 0 0 0 0 0 0 0 0 0 
0 0 0 0 0 0 0 0 0 0 0 0 0 0 0 0 0 0 382 611 667 639 569 427 354 330 328 319 310 343 367 360 328 352 377 374 388 385 394 376 405 385 354 388 329 364 350 354 339 399 421 367 381 402 404 394 431 455 451 523 524 509 537 534 514 520 494 513 520 494 418 423 429 407 330 293 298 267 248 220 201 174 145 158 146 125 103 69 76 74 58 49 40 35 17 28 5 12 3 2 0 1 1 0 0 1 0 0 0 0 0 0 0 0 0 0 0 0 0 0 5 0 0 0 0 0 0 0 0 0 
0 0 0 0 0 0 0 0 0 0 0 0 0 0 0 0 0 0 1247 1321 1117 1055 1030 956 993 941 936 995 1110 1133 1171 1288 1300 1409 1508 1528 1616 1558 1663 1725 1698 1707 1596 1681 1562 1586 1538 1452 1518 1555 1683 1585 1569 1582 1488 1503 1564 1617 1640 1504 1483 1496 1359 1351 1291 1209 1152 1086 1083 1047 972 932 876 1003 736 678 649 639 589 473 449 423 378 315 287 250 210 178 145 121 92 87 67 60 48 29 18 19 6 6 4 3 1 0 2 0 0 0 0 0 0 0 0 0 0 0 0 0 0 0 3 0 0 0 0 0 0 0 0 0 
0 0 0 0 0 0 0 0 0 0 0 0 0 0 0 0 0 0 54 55 73 68 67 69 52 48 62 54 55 50 63 58 102 85 60 96 85 103 95 79 76 64 71 77 76 69 69 65 70 82 69 80 77 86 93 86 95 106 117 122 120 123 132 123 128 133 120 109 111 91 93 82 76 93 61 60 58 62 60 71 56 45 41 40 38 31 25 31 19 17 24 8 13 9 6 8 2 1 2 2 0 0 0 0 0 0 0 0 0 0 0 0 0 0 0 0 0 0 0 0 0 0 0 0 0 0 0 0 0 0 
