0 0 0 0 0 0 0 0 0 0 0 0 0 0 0 0 0 0 1 0 0 0 1 0 0 575 934 885 885 867 897 860 852 865 881 869 847 913 925 953 908 894 941 892 1006 1035 988 1182 1262 1418 1339 1297 1277 1435 1380 1413 1524 1524 1512 1493 1532 1442 1480 1439 1431 1400 1377 1391 1297 1220 1271 1240 1351 1328 1008 1063 989 1070 937 831 718 729 706 660 626 628 596 539 482 429 437 388 382 330 286 262 200 138 133 99 57 59 36 35 23 12 9 1 5 2 1 0 1 0 0 0 0 0 0 0 2 0 0 0 0 0 0 0 0 0
0 0 0 0 0 0 0 0 0 0 0 0 0 0 0 0 0 0 0 0 0 0 0 0 0 0 384 374 389 350 423 420 420 424 441 481 521 515 559 558 628 593 620 608 613 610 652 679 640 737 908 795 815 803 824 938 955 1028 1054 1137 1223 1232 1256 1345 1423 1483 1559 1724 1757 1852 1830 1901 2123 2355 2059 1689 1703 1783 1604 1368 1107 1045 958 809 740 699 609 557 474 374 378 314 294 244 199 143 158 107 82 69 53 38 16 20 18 7 9 4 4 1 0 0 0 0 0 0 0 0 0 0 2 0 0 0 0 0 0 0 0 0
0 0 0 0 0 0 0 0 0 0 0 0 0 0 0 0 0 0 0 0 1 1 0 0 0 1 1205 1414 1365 1484 1536 1510 1491 1620 1655 1735 1686 1805 1788 1831 1899 1947 1917 2016 1901 1802 1966 1924 1964 2143 2286 2159 2068 1981 2128 2142 2210 2207 2246 2374 2367 2419 2428 2498 2478 2578 2603 2598 2638 2637 2480 2566 2389 2678 2409 1835 1821 1919 1783 1623 1467 1299 1261 1159 1113 1076 989 878 862 819 758 663 599 628 517 503 427 345 258 275 200 126 88 67 39 34 27 14 9 4 2 2 1 0 0 0 0 0 0 0 0 0 0 0 0 0 0 0 0 0
0 0 0 0 0 0 0 0 0 0 0 0 0 0 0 0 0 0 0 0 0 1 0 0 1 0 353 340 299 353 346 373 348 350 348 333 320 350 359 389 388 415 397 480 428 492 518 512 595 640 643 658 662 660 668 681 771 785 813 782 790 786 785 859 806 809 809 778 751 756 809 831 765 888 791 622 639 692 623 574 502 467 451 422 410 393 339 314 287 266 286 211 163 186 149 116 88 86 77 64 38 30 24 21 9 11 2 4 1 0 2 0 0 0 0 1 1 0 0 0 0 0 0 0 0 0 0 0 0 0
0 0 0 0 0 0 0 0 0 0 0 0 0 0 0 0 0 0 0 0 1 0 1 0 0 0 965 1033 918 966 1056 1048 981 1044 1112 1165 1203 1260 1353 1407 1420 1520 1488 1611 1565 1666 1736 1726 1882 2160 2113 1977 1950 1902 1961 1835 1965 1905 1909 1838 1773 1833 1703 1758 1554 1578 1557 1501 1489 1441 1345 1388 1339 1483 1260 996 1053 1105 974 860 792 689 697 650 589 548 523 464 435 397 352 315 296 271 222 181 187 169 99 88 73 40 44 22 15 8 3 2 3 1 2 0 0 0 0 2 0 0 0 0 0 0 0 0 0 0 0 0 0 0
0 0 0 0 0 0 0 0 0 0 0 0 0 0 0 0 0 0 0 0 0 0 0 1 0 0 288 310 336 302 365 320 354 344 342 332 332 359 345 329 373 390 424 460 427 476 499 485 558 643 652 700 695 671 676 681 698 704 725 757 746 709 750 716 783 746 761 765 712 711 694 714 755 833 656 630 562 639 598 549 491 403 391 417 342 339 308 279 248 231 206 154 164 140 111 96 79 66 48 49 42 19 21 11 6 4 3 3 4 0 1 0 0 0 0 0 0 0 0 0 0 0 0 0 0 0 0 0 0 0
0 0 0 0 0 0 0 0 0 0 0 0 0 0 0 0 0 0 0 0 0 0 0 0 0 0 40 35 46 34 42 35 39 36 60 39 54 55 59 68 59 72 59 68 39 76 65 89 88 109 78 100 95 91 87 99 111 128 100 116 110 119 86 113 113 114 110 94 75 75 85 75 84 79 88 84 67 68 78 57 59 38 49 40 36 34 35 26 32 18 22 22 15 15 21 9 17 4 6 2 5 0 3 4 0 1 1 0 1 0 0 0 0 0 0 0 0 0 0 0 0 0 0 0 0 0 0 0 0 0
0 0 0 0 0 0 0 0 0 0 0 0 0 0 0 0 0 0 0 0 0 0 0 0 0 0 260 261 258 262 281 245 319 330 329 347 360 334 390 380 391 394 431 432 432 399 405 456 485 514 601 597 591 567 672 683 742 793 768 828 854 857 851 891 942 898 919 952 929 869 855 882 900 1073 852 715 706 729 693 591 516 498 474 389 395 357 326 303 310 273 250 218 218 188 141 133 114 94 56 55 41 24 18 17 14 5 7 1 2 1 0 0 0 0 0 0 0 0 0 0 1 0 0 0 0 0 0 0 0 0
0 0 0 0 0 0 0 0 0 0 0 0 0 0 0 0 0 0 0 0 0 0 0 0 0 0 82 110 102 112 120 113 100 97 79 105 101 125 90 103 113 120 127 136 122 135 165 176 149 190 202 188 173 191 172 199 204 232 247 258 261 253 255 260 256 259 282 260 265 252 238 263 253 237 238 178 184 163 208 140 141 140 121 139 126 118 92 71 58 67 70 55 52 44 41 27 36 24 16 14 7 9 4 4 5 0 2 0 1 3 1 0 0 0 0 0 0 0 0 0 0 0 0 0 0 0 0 0 0 0
0 0 0 0 0 0 0 0 0 0 0 0 0 0 0 0 0 0 0 0 0 0 0 0 0 0 614 712 673 651 705 669 652 731 698 724 710 676 749 844 817 822 873 929 936 904 1070 1129 1164 1337 1342 1310 1289 1331 1384 1294 1460 1523 1507 1581 1541 1512 1515 1508 1525 1510 1530 1382 1407 1433 1378 1459 1392 1534 1358 1091 1042 1114 1030 933 834 801 771 661 670 614 589 473 502 463 407 372 322 318 246 224 223 168 120 96 75 67 37 19 17 13 6 6 1 0 1 0 2 0 0 0 0 0 0 0 1 0 0 0 0 0 0 0 0 0
0 0 0 0 0 0 0 0 0 0 0 0 0 0 0 0 0 0 0 0 0 0 0 0 1 2 278 298 309 296 333 320 333 345 362 351 388 374 402 417 425 463 481 506 499 518 504 558 591 626 783 669 664 684 666 690 786 768 804 802 814 860 817 832 822 869 824 864 902 850 838 851 834 932 888 760 679 772 715 561 566 472 457 434 367 388 349 325 324 299 239 236 223 213 197 174 132 102 95 75 73 57 35 22 18 14 3 3 6 2 0 0 0 0 0 1 1 0 0 0 1 0 0 0 0 0 0 0 0 0
0 0 0 0 0 0 0 0 0 0 0 0 0 0 0 0 0 0 0 0 0 0 0 1 0 1 150 165 143 171 157 179 136 143 141 174 188 153 211 178 197 231 207 237 204 237 275 257 288 313 352 312 325 321 331 299 396 408 375 369 364 355 323 379 345 388 348 339 327 378 338 347 387 407 342 286 292 297 302 271 226 237 204 180 172 138 154 143 131 110 101 73 71 78 57 43 40 23 23 26 13 10 10 10 3 3 6 2 1 0 0 0 0 0 0 0 0 0 0 0 2 0 0 0 0 0 0 0 0 0
0 0 0 0 0 0 0 0 0 0 0 0 0 0 0 0 0 0 0 0 0 0 0 0 0 0 89 106 88 109 112 94 79 97 98 90 95 107 108 99 137 112 138 134 141 137 175 157 152 178 199 193 179 185 189 217 207 184 226 229 221 247 242 266 265 302 311 294 294 308 318 368 331 387 339 266 296 329 307 289 230 224 194 194 173 167 157 114 116 93 75 88 66 64 55 50 44 26 30 15 19 11 10 2 4 1 3 1 1 2 0 0 0 0 0 0 0 0 0 0 1 0 0 0 0 0 0 0 0 0
0 0 0 0 0 0 0 0 0 0 0 0 0 0 0 0 0 0 0 0 0 0 0 0 0 0 51 45 63 67 64 71 79 67 90 83 73 80 86 81 97 95 94 84 99 79 99 91 80 102 90 103 114 91 106 113 130 152 155 158 134 153 157 161 126 145 188 159 158 168 151 160 165 172 169 134 140 140 143 111 101 100 97 94 94 73 84 71 72 61 48 51 48 44 36 25 25 19 19 17 8 9 3 6 6 0 0 2 0 1 0 1 0 0 0 0 0 0 0 0 0 0 0 0 0 0 0 0 0 0
0 0 0 0 0 0 0 0 0 0 0 0 0 0 0 0 0 0 0 0 0 0 0 0 0 0 25 30 37 35 39 36 42 33 37 44 51 48 47 43 67 51 61 65 62 54 48 70 76 65 63 66 85 68 76 75 92 91 90 91 113 124 113 109 135 129 143 140 151 152 147 136 146 182 155 137 125 146 151 112 102 112 87 72 78 85 68 55 61 48 46 46 29 30 22 19 20 9 13 11 11 8 2 5 4 2 1 0 0 0 1 0 0 0 0 0 0 0 0 0 0 0 0 0 0 0 0 0 0 0
0 0 0 0 0 0 0 0 0 0 0 0 0 0 0 0 0 0 0 0 0 0 0 1 1 0 449 460 469 436 508 509 487 492 444 446 454 443 523 510 514 528 523 529 584 577 639 611 684 779 801 775 831 837 828 851 922 916 955 945 882 889 856 961 959 878 961 922 922 904 841 914 886 945 833 656 669 696 663 616 544 539 472 495 414 376 390 345 325 264 267 226 193 209 154 158 123 103 74 61 45 38 23 18 17 9 9 4 2 2 0 0 0 0 0 0 0 0 0 0 0 0 0 0 0 0 0 0 0 0
0 0 0 0 0 0 0 0 0 0 0 0 0 0 0 0 0 0 0 1 0 1 1 2 0 0 211 213 237 207 251 258 236 247 234 232 240 275 300 275 285 322 285 309 332 299 319 383 352 385 410 372 387 421 374 472 486 486 467 499 461 519 514 535 550 526 511 550 502 521 512 508 512 540 493 450 402 400 394 349 334 297 279 273 237 266 238 221 188 164 144 111 125 111 91 69 78 53 36 37 19 22 16 11 6 8 4 1 1 1 0 0 0 0 0 0 0 0 0 0 0 0 0 0 0 0 0 0 0 0
0 0 0 0 0 0 0 0 0 0 0 0 0 0 0 0 0 0 0 0 0 0 0 0 0 1 406 461 437 449 497 459 500 520 470 508 528 549 536 549 561 521 600 589 579 530 558 550 630 654 704 656 644 655 700 741 842 855 913 952 927 986 988 1009 993 995 1012 971 1035 995 930 963 1010 1077 951 757 807 842 797 678 641 566 610 578 546 523 421 390 397 362 388 313 282 216 191 197 136 117 99 64 67 33 34 24 6 9 7 4 1 1 0 0 1 0 0 0 0 0 0 0 0 0 0 0 0 0 0 0 0 0
0 0 0 0 0 0 0 0 0 0 0 0 0 0 0 0 0 0 0 0 0 1 6 0 1 5 1585 1858 1814 1748 1889 1944 1898 1922 1949 1934 1881 1998 2072 2016 2060 2015 1943 1908 1874 1851 1946 1897 2168 2250 2385 2255 2220 2310 2366 2484 2662 2710 2608 2678 2769 2741 2610 2637 2619 2497 2468 2363 2267 2170 2097 2043 1981 1964 1762 1370 1426 1421 1411 1184 1178 1053 1015 998 890 849 784 764 702 608 553 453 448 351 292 261 194 174 118 126 61 71 37 28 22 22 14 11 3 3 1 0 2 0 0 1 0 0 0 0 178 0 0 0 0 0 0 0 0 0
0 0 0 0 0 0 0 0 0 0 0 0 0 0 0 0 0 0 0 0 0 0 0 0 0 0 88 102 80 75 99 85 118 92 113 109 121 136 116 111 113 135 126 126 148 151 172 180 189 198 205 215 223 205 247 243 267 259 284 302 293 307 296 274 261 281 237 236 247 257 226 223 237 243 191 154 192 193 197 150 124 111 105 90 92 87 64 65 67 39 59 43 32 39 27 32 28 10 13 14 6 4 4 4 2 0 1 0 0 0 0 0 0 0 0 0 0 0 0 0 0 0 0 0 0 0 0 0 0 0
0 0 0 0 0 0 0 0 0 0 0 0 0 0 0 0 0 0 0 0 0 0 0 0 0 0 76 113 85 100 126 134 154 154 154 157 185 164 221 206 224 218 213 239 222 229 235 241 276 278 315 302 324 326 301 304 364 414 383 395 386 403 409 422 464 520 435 431 419 451 431 414 417 468 428 324 323 333 304 241 217 205 218 203 186 151 125 131 113 123 115 96 77 78 39 54 56 31 24 24 14 9 6 5 2 5 2 0 2 0 0 0 0 0 0 0 0 0 0 0 0 0 0 0 0 0 0 0 0 0
0 0 0 0 0 0 0 0 0 0 0 0 0 0 0 0 0 0 0 0 0 0 0 0 0 0 592 709 715 677 748 748 708 728 741 827 786 757 830 858 910 930 934 954 978 985 1096 1155 1183 1409 1463 1409 1415 1433 1419 1460 1544 1579 1587 1700 1580 1606 1638 1666 1556 1582 1543 1460 1476 1458 1438 1374 1459 1592 1380 1114 1145 1154 1124 943 894 855 777 781 694 645 596 521 498 436 415 383 343 275 233 222 181 140 99 93 57 47 34 23 16 10 4 6 3 1 0 1 0 0 0 0 0 0 0 0 12 0 0 0 0 0 0 0 0 0
0 0 0 0 0 0 0 0 0 0 0 0 0 0 0 0 0 0 0 0 0 0 0 0 0 0 32 29 51 40 34 35 30 29 40 35 25 51 35 52 43 42 54 45 56 58 53 64 75 66 71 75 74 78 77 92 91 86 117 98 102 111 123 117 142 111 151 126 136 145 114 138 150 157 118 115 104 115 123 101 87 70 91 68 71 61 54 64 49 54 40 40 45 23 22 22 17 14 12 11 7 9 3 4 4 2 0 0 1 0 0 0 0 0 0 0 0 0 0 0 0 0 0 0 0 0 0 0 0 0
0 0 0 0 0 0 0 0 0 0 0 0 0 0 0 0 0 0 0 0 0 0 0 0 0 0 176 183 185 195 191 186 175 210 184 211 226 209 251 227 268 224 258 269 258 289 289 355 313 422 449 421 381 412 408 434 487 489 467 457 451 460 482 467 476 438 486 453 489 435 446 410 427 469 442 330 377 343 345 312 284 238 243 247 220 200 196 179 155 149 142 105 118 96 88 77 65 41 49 37 23 21 12 12 4 4 1 1 0 0 0 0 0 1 0 0 0 0 0 0 0 0 0 0 0 0 0 0 0 0
0 0 0 0 0 0 0 0 0 0 0 0 0 0 0 0 0 0 0 0 0 0 0 0 0 0 173 172 180 206 193 210 236 231 238 203 250 248 236 230 227 253 235 270 235 257 274 284 309 323 330 315 326 311 334 343 379 434 401 471 418 401 449 459 445 463 438 448 435 417 410 393 460 477 379 336 323 350 320 305 262 231 252 211 207 218 192 194 166 152 144 122 88 81 102 58 51 40 33 31 22 14 8 7 8 4 1 3 0 0 0 0 0 0 0 0 0 0 0 0 1 0 0 0 0 0 0 0 0 0
0 0 0 0 0 0 0 0 0 0 0 0 0 0 0 0 0 0 0 0 0 1 0 3 0 3 2707 3331 3133 3176 3013 3010 2883 2946 2987 3051 2894 2884 2890 2782 2687 2653 2531 2450 2399 2377 2285 2339 2382 2505 2662 2366 2309 2376 2196 2341 2510 2581 2609 2729 2557 2469 2571 2664 2629 2540 2541 2477 2501 2443 2257 2226 2081 2149 1934 1519 1446 1484 1340 1180 1069 994 896 895 763 770 701 610 600 586 573 481 453 469 371 354 318 278 231 206 147 116 89 48 53 20 12 15 10 4 2 4 3 1 0 3 0 0 0 0 1 0 0 0 0 0 0 0 0 0
0 0 0 0 0 0 0 0 0 0 0 0 0 0 0 0 0 0 0 0 0 0 0 0 0 0 274 349 332 366 309 345 338 335 287 303 280 305 294 336 331 334 320 365 333 324 314 350 349 401 423 398 403 429 417 472 524 508 528 560 546 547 602 542 593 584 617 591 580 538 515 504 513 523 435 388 374 382 357 300 280 262 269 272 220 220 212 194 176 145 154 133 129 103 106 75 67 68 31 35 20 25 12 14 19 6 6 3 1 0 1 0 0 0 0 0 0 0 0 0 2 0 0 0 0 0 0 0 0 0
0 0 0 0 0 0 0 0 0 0 0 0 0 0 0 0 0 0 1 1 0 1 0 3 1 3 2203 2647 2556 2569 2651 2404 2339 2413 2292 2345 2294 2361 2313 2379 2355 2337 2404 2434 2312 2401 2594 2644 2716 3027 3256 3089 3101 3110 3145 3132 3355 3545 3687 3654 3635 3519 3647 3527 3584 3460 3388 3245 3264 3315 3003 2988 3089 3146 2785 2269 2192 2236 2164 1883 1788 1620 1579 1482 1338 1398 1192 1153 1109 1036 928 868 771 762 677 558 457 393 292 232 168 143 102 66 54 28 21 13 8 7 2 2 3 0 1 0 1 0 0 0 789 0 0 0 0 0 0 0 0 0
0 0 0 0 0 0 0 0 0 0 0 0 0 0 0 0 0 0 0 0 0 0 0 1 0 1 328 359 358 356 350 333 375 379 347 378 385 411 411 436 434 424 407 442 460 484 490 492 551 614 646 625 608 616 627 637 680 697 688 764 706 718 675 624 625 644 666 638 609 569 542 557 577 571 506 411 432 409 426 330 271 282 256 225 238 202 180 148 172 128 117 110 98 82 81 65 51 38 29 31 27 15 11 5 4 9 2 1 1 1 0 0 0 0 0 0 0 0 0 0 0 0 0 0 0 0 0 0 0 0
0 0 0 0 0 0 0 0 0 0 0 0 0 0 0 0 0 0 0 0 0 1 1 1 2 0 905 1110 1053 1158 1168 1174 1112 1191 1184 1189 1160 1187 1252 1272 1278 1298 1343 1439 1363 1462 1534 1649 1787 1876 1895 1907 1814 1792 1835 1832 1953 1976 1957 2020 2034 1919 1924 1920 2016 1899 1870 1721 1778 1810 1708 1667 1687 1887 1620 1293 1273 1303 1253 1062 958 879 861 826 747 778 744 601 574 523 489 442 378 338 285 223 209 174 152 113 89 52 40 27 17 13 5 5 4 2 0 1 0 0 0 0 0 0 0 0 0 0 0 0 0 0 0 0 0 0
0 0 0 0 0 0 0 0 0 0 0 0 0 0 0 0 0 0 0 0 0 0 0 0 0 0 51 56 56 42 55 61 51 55 60 68 49 51 61 54 56 56 44 55 65 58 59 65 81 98 100 93 110 103 104 115 101 123 139 150 122 142 122 116 125 117 137 130 92 86 108 96 108 96 122 81 77 100 72 71 61 61 62 57 43 35 35 34 34 28 30 28 28 29 15 18 13 13 14 7 7 8 2 0 2 1 2 0 0 0 0 0 0 0 0 0 0 0 0 0 1 0 0 0 0 0 0 0 0 0
0 0 0 0 0 0 0 0 0 0 0 0 0 0 0 0 0 0 0 0 0 0 0 0 0 0 26 23 39 40 31 49 31 37 32 42 45 38 44 49 47 44 53 57 45 41 48 44 62 64 67 44 63 71 62 90 90 70 64 88 81 67 80 71 78 83 98 83 77 86 82 85 98 102 77 76 68 87 82 61 56 58 50 51 61 47 55 41 37 27 31 20 26 26 18 17 14 8 7 8 6 5 2 4 0 1 1 0 2 0 0 0 0 0 0 0 0 0 0 0 0 0 0 0 0 0 0 0 0 0
0 0 0 0 0 0 0 0 0 0 0 0 0 0 0 0 0 0 0 0 0 0 1 0 0 0 269 320 317 316 332 337 310 317 313 332 317 316 339 338 345 373 363 422 378 427 471 457 460 533 623 575 537 572 561 591 615 634 600 628 619 655 605 631 575 487 562 498 524 508 498 571 490 460 432 382 355 396 364 272 266 208 252 228 209 201 182 168 152 160 118 107 89 95 65 65 47 42 35 23 20 12 9 7 3 6 4 3 2 1 0 0 0 0 0 0 0 0 0 0 1 0 0 0 0 0 0 0 0 0
0 0 0 0 0 0 0 0 0 0 0 0 0 0 0 0 0 0 0 0 0 0 2 2 2 1 135 156 110 130 140 138 134 139 138 120 139 130 133 134 128 134 149 141 135 144 170 138 170 182 188 202 189 209 200 231 220 214 217 245 234 215 242 250 264 244 232 228 228 234 219 241 234 221 180 188 157 164 136 138 121 118 101 102 83 87 93 83 88 65 67 70 58 50 47 40 39 24 17 14 20 12 8 3 6 1 3 2 1 0 0 2 0 0 0 0 0 0 0 0 0 0 0 0 0 0 0 0 0 0
0 0 0 0 0 0 0 0 0 0 0 0 0 0 0 0 0 0 0 0 0 0 0 1 0 0 102 96 84 103 91 95 83 77 86 95 92 107 112 86 96 89 100 99 122 113 118 103 107 137 111 118 111 135 120 138 152 165 187 184 180 204 192 196 225 167 202 205 196 173 181 167 166 171 147 109 117 126 103 94 84 86 91 80 77 80 67 59 64 50 48 49 39 34 26 29 27 15 11 13 7 7 4 5 3 0 2 1 0 0 0 0 0 0 0 0 0 0 0 0 0 0 0 0 0 0 0 0 0 0
0 0 0 0 0 0 0 0 0 0 0 0 0 0 0 0 0 0 0 0 1 1 1 0 0 0 3929 4274 4101 4064 3948 3810 3473 3525 3552 3445 3323 3429 3601 3551 3774 3696 3536 3791 3597 3578 3737 3835 4128 4569 4949 4759 4568 4521 4524 4682 4823 5029 4945 5065 4882 4919 4904 4819 4874 4470 4596 4550 4400 4301 4231 4149 4062 4244 3801 3159 2858 3067 2943 2504 2316 2142 2095 1858 1822 1757 1600 1415 1399 1316 1156 1181 1109 977 775 670 612 503 422 335 239 190 119 96 68 42 34 22 12 5 6 1 1 0 1 0 0 0 0 0 1125 0 0 0 0 0 0 0 0 0
0 0 0 0 0 0 0 0 0 0 0 0 0 0 0 0 0 0 0 0 0 0 1 0 0 0 230 312 284 282 332 370 336 283 267 304 306 282 315 329 359 331 334 331 319 303 331 355 369 376 409 400 389 414 425 473 530 493 509 577 530 566 562 561 552 561 599 548 552 521 519 508 478 497 454 360 380 329 355 298 315 277 272 234 236 263 226 191 183 155 153 159 150 116 107 84 71 59 53 54 38 18 17 19 4 2 3 3 4 1 1 0 0 0 0 0 0 0 0 0 90 0 0 0 0 0 0 0 0 0
0 0 0 0 0 0 0 0 0 0 0 0 0 0 0 0 0 0 0 0 0 0 0 0 0 0 503 517 539 453 569 551 552 577 599 586 625 645 712 692 750 715 682 763 696 667 770 804 821 906 870 865 897 876 888 931 1022 986 942 930 907 949 881 904 894 785 866 842 796 777 784 778 765 811 701 570 569 595 543 512 460 381 405 354 356 332 307 238 210 195 187 174 160 120 116 97 79 61 59 27 37 25 15 11 14 4 1 2 4 2 0 0 1 0 0 0 0 0 0 0 2 0 0 0 0 0 0 0 0 0
0 0 0 0 0 0 0 0 0 0 0 0 0 0 0 0 0 0 0 0 0 0 0 0 0 0 205 227 229 228 252 262 240 322 258 282 272 310 278 303 293 276 354 309 327 336 357 355 376 481 446 451 448 468 497 481 592 554 568 574 615 562 625 587 617 609 613 618 622 660 596 622 705 752 646 595 523 585 520 521 477 409 413 409 368 365 282 304 272 264 193 196 175 171 134 103 105 93 57 59 38 19 27 14 4 5 5 1 1 0 1 0 0 0 0 0 0 0 0 0 0 0 0 0 0 0 0 0 0 0
0 0 0 0 0 0 0 0 0 0 0 0 0 0 0 0 0 0 0 0 0 0 0 0 0 0 383 386 388 424 457 476 454 467 481 515 545 551 571 559 567 614 566 618 641 623 618 671 705 835 839 866 831 817 838 829 953 930 1032 1008 1020 1046 1011 1091 1062 1087 1122 1118 1164 1176 1142 1206 1287 1426 1250 1042 1147 1173 1173 1031 914 871 832 768 747 720 662 557 608 555 521 465 402 443 340 316 255 206 214 142 116 76 53 47 31 22 10 4 5 4 0 3 1 0 0 0 0 0 0 0 122 0 0 0 0 0 0 0 0 0
0 0 0 0 0 0 0 0 0 0 0 0 0 0 0 0 0 0 0 0 0 0 0 0 0 0 148 168 136 132 141 152 119 126 137 132 111 135 138 136 133 143 126 136 137 113 131 125 158 147 155 151 140 160 162 209 186 200 218 188 239 244 228 268 266 231 258 267 233 226 216 206 208 203 180 174 168 160 172 120 108 121 108 113 103 94 83 89 100 78 60 52 63 53 48 36 22 33 19 17 17 5 5 3 3 2 4 0 2 0 1 0 0 0 0 0 0 0 0 1 1 0 0 0 0 0 0 0 0 0
0 0 0 0 0 0 0 0 0 0 0 0 0 0 0 0 0 0 0 0 0 0 0 0 0 0 208 220 246 210 230 265 245 230 284 290 290 298 337 321 325 359 320 365 284 301 319 313 374 398 393 350 348 321 364 387 406 384 386 413 391 372 401 390 350 345 300 311 321 280 288 256 246 244 213 193 165 162 165 138 140 131 109 114 90 85 76 60 68 59 53 47 39 33 37 28 20 15 11 12 8 4 0 3 4 1 1 0 1 1 0 0 0 0 0 0 0 0 0 0 0 0 0 0 0 0 0 0 0 0
0 0 0 0 0 0 0 0 0 0 0 0 0 0 0 0 0 0 0 0 0 0 0 0 0 0 15 13 15 17 17 23 14 22 19 20 26 20 21 27 16 25 22 30 29 23 35 32 30 35 45 38 37 35 39 35 31 41 47 47 49 46 64 60 78 59 65 74 71 63 56 69 45 66 40 38 47 41 33 31 29 27 19 32 27 26 19 22 17 10 11 14 9 11 10 4 6 3 4 2 1 1 4 4 3 0 0 0 0 0 0 0 0 0 0 0 0 0 0 0 0 0 0 0 0 0 0 0 0 0
0 0 0 0 0 0 0 0 0 0 0 0 0 0 0 0 0 0 0 0 0 1 0 0 0 0 708 841 758 768 836 846 799 810 771 838 894 900 986 1023 1064 1028 1055 1218 1155 1188 1287 1354 1448 1732 1811 1671 1631 1555 1746 1719 1829 1829 1801 1907 1757 1730 1700 1645 1613 1493 1445 1429 1427 1401 1338 1390 1398 1535 1329 1027 1054 1060 1064 891 789 781 708 652 618 628 585 454 480 394 371 381 308 268 252 192 188 114 118 83 54 56 23 24 18 13 3 1 6 2 1 0 0 0 1 1 0 0 0 0 1 0 0 0 0 0 0 0 0 0
0 0 0 0 0 0 0 0 0 0 0 0 0 0 0 0 0 0 0 0 0 0 0 0 0 0 74 84 95 93 88 94 100 92 108 105 140 121 128 145 169 146 155 153 149 134 160 163 182 201 197 199 200 199 220 215 270 283 234 312 281 290 292 291 304 273 337 363 351 338 303 336 331 368 309 259 255 258 250 228 199 211 210 173 165 162 123 110 104 96 105 84 76 70 68 46 50 37 21 29 14 13 7 5 3 5 3 0 0 1 1 0 0 0 0 0 0 0 0 0 0 0 0 0 0 0 0 0 0 0
0 0 0 0 0 0 0 0 0 0 0 0 0 0 0 0 0 0 0 0 0 0 1 0 0 0 261 276 251 243 201 182 168 139 157 141 159 183 184 176 207 164 210 187 181 204 211 185 230 209 222 268 226 222 237 227 260 293 278 271 309 327 275 301 297 333 332 338 341 332 343 366 397 408 355 299 279 320 279 230 195 226 210 183 148 149 136 112 107 100 98 87 73 60 59 43 39 33 24 19 19 11 10 8 6 3 3 1 0 0 1 0 2 0 0 1 0 0 0 0 0 0 0 0 0 0 0 0 0 0
0 0 0 0 0 0 0 0 0 0 0 0 0 0 0 0 0 0 0 0 0 0 2 2 0 0 857 929 924 879 1082 1052 1017 1088 1091 1134 1155 1229 1254 1307 1382 1358 1429 1548 1527 1570 1637 1594 1748 1986 2072 1960 1918 1809 1752 1846 1892 1866 1863 1792 1689 1720 1637 1576 1560 1491 1501 1494 1490 1437 1249 1345 1356 1406 1254 1064 1071 1040 916 810 751 664 623 595 496 480 421 345 337 296 256 238 256 194 167 130 108 95 79 72 44 23 26 16 14 4 1 3 1 0 1 1 1 0 0 0 0 0 0 0 13 0 0 0 0 0 0 0 0 0
0 0 0 0 0 0 0 0 0 0 0 0 0 0 0 0 0 0 0 0 0 0 0 0 0 0 41 50 45 36 53 70 54 48 40 61 54 60 55 55 74 58 57 62 56 47 56 54 65 72 64 64 79 77 81 96 112 112 109 127 114 102 129 129 135 154 108 132 113 108 107 94 127 108 121 89 82 68 80 64 80 60 67 49 60 66 47 31 37 35 34 21 35 22 24 21 9 16 13 10 13 9 3 4 1 2 1 0 0 0 0 0 0 0 0 0 0 0 0 0 0 0 0 0 0 0 0 0 0 0
0 0 0 0 0 0 0 0 0 0 0 0 0 0 0 0 0 0 0 0 0 0 0 0 0 0 260 281 246 267 312 274 305 272 318 299 286 306 330 338 348 339 341 346 321 304 316 318 369 414 461 440 399 448 441 458 527 517 505 524 531 514 516 538 537 534 507 489 507 485 444 454 460 512 426 370 376 395 394 318 279 256 247 255 212 203 194 188 185 136 148 116 124 107 89 72 67 50 37 38 25 26 17 8 9 1 5 3 0 0 0 0 0 0 0 0 0 0 0 0 0 0 0 0 0 0 0 0 0 0
0 0 0 0 0 0 0 0 0 0 0 0 0 0 0 0 0 0 0 0 0 0 0 0 0 0 285 323 284 287 295 317 300 296 321 296 277 296 294 319 311 303 326 310 351 352 368 399 364 374 438 424 414 422 440 479 547 558 593 607 542 601 587 623 612 604 639 597 547 582 497 564 562 574 515 449 450 418 374 364 326 301 303 315 274 284 268 226 230 196 171 179 123 152 128 107 101 70 59 36 35 24 14 15 12 9 3 1 4 1 0 1 0 0 0 0 0 0 0 0 0 0 0 0 0 0 0 0 0 0
0 0 0 0 0 0 0 0 0 0 0 0 0 0 0 0 0 0 0 0 0 0 0 0 0 0 348 315 307 330 401 380 412 410 408 412 443 499 480 427 483 532 573 603 590 587 638 620 758 859 844 826 784 769 776 791 888 880 855 951 854 809 883 885 839 837 814 776 800 812 737 794 771 905 753 580 586 597 577 507 482 417 375 314 313 284 271 252 228 197 179 161 146 126 104 91 68 64 48 52 21 12 15 10 7 4 5 0 1 0 1 1 0 0 0 0 0 0 0 0 0 0 0 0 0 0 0 0 0 0
0 0 0 0 0 0 0 0 0 0 0 0 0 0 0 0 0 0 0 0 0 0 0 0 0 0 136 120 131 130 135 139 148 125 153 166 132 147 151 170 158 162 145 157 162 161 165 181 165 240 245 194 210 212 208 230 269 300 273 301 300 329 346 331 305 372 389 380 424 413 376 402 415 451 394 384 424 407 381 333 350 323 277 256 247 241 233 209 183 174 174 144 131 104 90 82 86 54 39 45 29 16 15 18 2 2 3 3 3 2 1 0 0 0 0 0 0 0 0 0 0 0 0 0 0 0 0 0 0 0
0 0 0 0 0 0 0 0 0 0 0 0 0 0 0 0 0 0 0 0 0 0 0 0 0 0 104 118 101 92 106 83 102 122 123 106 110 109 114 128 141 136 121 167 150 152 163 154 157 175 170 189 179 192 181 182 194 209 222 207 240 195 232 216 253 206 235 247 226 226 207 230 258 240 233 181 176 184 166 149 137 131 124 108 107 92 87 77 81 59 52 45 40 38 42 29 17 20 19 15 16 9 13 6 2 4 2 0 1 0 0 0 0 0 0 0 0 0 0 0 0 0 0 0 0 0 0 0 0 0
0 0 0 0 0 0 0 0 0 0 0 0 0 0 0 0 0 0 0 0 0 0 0 0 0 0 114 131 120 137 133 137 121 137 142 136 141 122 137 137 133 128 124 151 133 144 143 168 176 178 208 188 184 196 207 220 240 247 216 237 253 264 251 286 321 278 282 272 311 264 269 254 273 278 270 227 198 233 179 157 142 134 154 144 139 140 122 109 102 82 87 76 65 62 61 31 36 32 22 18 15 6 10 9 3 3 2 0 0 0 0 0 0 0 0 0 0 0 0 5 0 0 0 0 0 0 0 0 0 0
0 0 0 0 0 0 0 0 0 0 0 0 0 0 0 0 0 0 0 0 0 0 0 0 0 0 166 169 162 139 163 162 173 193 149 175 176 170 213 237 211 215 226 238 233 249 276 284 298 321 320 313 305 305 328 352 368 324 416 406 408 402 391 420 447 443 399 406 421 407 410 378 440 410 407 317 311 303 308 272 245 246 226 194 169 193 159 165 132 120 127 101 80 77 81 49 45 36 38 29 15 7 9 7 4 2 2 2 2 1 0 0 0 0 0 0 0 0 0 0 0 0 0 0 0 0 0 0 0 0
0 0 0 0 0 0 0 0 0 0 0 0 0 0 0 0 0 0 0 0 0 0 0 0 0 0 76 58 65 74 63 72 84 63 68 80 78 77 72 106 79 90 102 99 89 129 111 101 112 137 130 135 148 135 130 134 152 145 126 154 153 161 170 175 156 152 201 200 192 197 173 198 214 180 194 139 140 132 141 123 117 123 119 87 94 85 82 65 79 75 64 43 43 32 40 20 24 20 17 9 7 6 2 3 3 2 2 1 1 0 1 0 0 0 0 0 0 0 0 0 0 0 0 0 0 0 0 0 0 0
0 0 0 0 0 0 0 0 0 0 0 0 0 0 0 0 0 0 1 0 0 0 1 3 5 6 6329 7038 6879 6784 7358 7329 7277 7199 7330 7601 7484 7576 7991 8076 8097 8201 7972 8232 8103 8270 8694 8344 8836 9822 10117 9564 9176 8893 8740 8714 9226 9089 9080 9038 8785 8621 8348 8368 8018 7456 7496 7039 6856 6665 6308 6145 6279 6261 5415 4605 4350 4304 3985 3636 3115 2822 2553 2532 2364 2264 2013 1866 1841 1636 1683 1375 1364 1202 998 888 862 659 530 435 363 241 171 113 94 67 44 20 12 13 3 2 2 2 1 0 0 1 0 0 0 0 0 0 0 0 0 0 0 0
0 0 0 0 0 0 0 0 0 0 0 0 0 0 0 0 0 0 0 0 0 1 1 0 0 0 55 72 53 60 77 70 74 55 72 87 78 82 76 73 60 76 77 103 105 75 96 108 99 125 111 130 134 136 128 149 138 159 163 138 157 163 162 159 166 190 168 177 170 194 177 156 181 190 166 154 181 148 159 121 120 114 124 99 90 86 90 72 57 62 70 50 47 38 34 33 23 19 26 10 9 5 3 3 1 4 1 0 0 0 0 0 0 0 1 0 0 0 0 0 2 0 0 0 0 0 0 0 0 0
0 0 0 0 0 0 0 0 0 0 0 0 0 0 0 0 0 0 0 0 0 0 0 0 0 0 82 100 93 102 104 110 107 103 95 105 109 92 105 109 119 140 142 144 152 144 132 152 173 175 183 201 181 179 175 208 206 229 232 237 244 260 275 294 286 294 298 295 233 267 275 283 261 287 266 169 192 233 175 161 147 138 135 116 109 99 105 86 92 73 52 61 63 60 52 40 33 35 35 11 17 13 10 8 6 3 0 0 2 0 0 0 0 0 0 0 0 0 0 0 0 0 0 0 0 0 0 0 0 0
0 0 0 0 0 0 0 0 0 0 0 0 0 0 0 0 0 0 0 0 0 0 0 0 0 0 349 397 345 353 377 388 389 423 429 461 468 477 533 493 502 509 514 522 563 537 628 576 626 694 736 659 687 738 753 741 833 857 896 871 922 877 891 938 888 948 946 906 961 894 900 954 1085 1142 1026 865 938 999 958 861 741 744 691 684 607 625 619 508 536 500 488 425 418 352 337 299 266 205 166 146 86 71 51 43 26 22 14 6 5 3 4 0 0 1 0 0 0 0 0 0 0 0 0 0 0 0 0 0 0 0
0 0 0 0 0 0 0 0 0 0 0 0 0 0 0 0 0 0 0 0 0 0 1 0 1 0 580 608 591 614 626 636 591 597 592 542 550 584 606 624 623 692 612 733 665 715 723 783 751 832 921 889 843 886 905 956 934 983 1065 1073 1008 989 958 1035 1053 1033 1067 1014 982 1003 918 950 940 1004 847 712 684 676 626 555 509 498 456 431 354 371 338 297 282 265 261 232 209 186 181 147 117 89 69 69 45 35 19 14 18 15 6 7 1 1 3 0 1 0 0 0 0 0 0 0 5 0 0 0 0 0 0 0 0 0
0 0 0 0 0 0 0 0 0 0 0 0 0 0 0 0 0 0 0 0 1 0 0 0 0 0 95 95 116 102 115 120 114 107 100 86 101 103 93 95 107 108 90 104 119 97 116 122 132 167 141 147 151 151 172 185 214 207 245 241 211 241 241 281 260 238 266 248 244 238 204 198 236 215 227 184 217 193 189 145 140 147 118 128 117 102 112 103 81 85 86 62 71 53 65 45 49 34 19 16 21 15 8 8 6 2 1 0 5 2 3 0 0 0 0 0 0 0 0 0 2 0 0 0 0 0 0 0 0 0
0 0 0 0 0 0 0 0 0 0 0 0 0 0 0 0 0 0 0 0 0 0 0 1 2 0 551 565 593 614 706 768 808 844 858 874 834 867 941 908 796 821 765 816 783 723 794 809 820 920 944 903 890 941 960 973 1129 1106 1182 1173 1191 1106 1167 1203 1166 1062 1046 990 1014 938 942 911 850 880 784 626 615 655 577 608 537 489 495 442 468 397 344 302 286 237 233 210 167 149 125 107 90 70 51 51 28 15 12 7 10 6 3 5 3 0 0 1 0 0 0 0 0 0 0 0 0 0 0 0 0 0 0 0 0 0
0 0 0 0 0 0 0 0 0 0 0 0 0 0 0 0 0 0 0 0 0 0 0 1 0 0 1361 1526 1554 1602 1383 1200 1235 1107 1231 1080 1077 1056 989 1016 976 964 1005 986 1005 960 1050 1020 1014 1144 1318 1296 1275 1271 1251 1319 1301 1378 1332 1364 1402 1357 1398 1371 1366 1323 1427 1369 1299 1265 1174 1182 1065 1095 940 840 789 732 677 573 546 467 443 420 379 375 343 300 272 282 243 251 214 188 171 159 133 129 95 69 60 46 36 22 19 15 5 7 5 2 2 1 1 0 0 0 0 0 0 0 2 0 0 0 0 0 0 0 0 0
0 0 0 0 0 0 0 0 0 0 0 0 0 0 0 0 0 0 0 0 0 0 0 0 0 0 44 33 36 53 39 48 57 46 55 63 61 63 62 75 55 53 46 57 59 51 63 50 54 82 104 70 70 97 89 99 102 109 137 144 138 168 169 157 165 170 173 148 184 174 176 208 207 196 173 138 134 161 152 121 124 115 118 98 82 73 87 87 73 61 64 53 36 54 23 23 20 20 9 4 7 10 4 5 5 2 1 0 1 0 1 0 0 0 0 0 0 0 0 0 0 0 0 0 0 0 0 0 0 0
0 0 0 0 0 0 0 0 0 0 0 0 0 0 0 0 0 0 0 0 0 0 0 0 0 0 177 185 205 200 195 198 223 194 197 200 228 238 242 244 246 244 273 287 294 310 323 283 325 356 363 325 361 331 359 413 404 419 440 457 482 519 484 557 538 612 516 517 606 558 581 545 569 621 558 528 445 504 462 411 359 323 322 289 256 206 217 188 241 173 155 145 128 113 97 76 65 46 46 43 29 26 12 10 7 4 2 1 1 1 1 1 1 1 0 0 0 0 0 16 0 0 0 0 0 0 0 0 0 0
0 0 0 0 0 0 0 0 0 0 0 0 0 0 0 0 0 0 0 0 0 0 1 0 0 1 257 255 236 246 296 243 235 219 217 196 239 218 225 223 239 237 217 231 208 218 206 238 239 283 265 254 250 272 284 298 344 336 345 381 372 360 405 360 403 385 363 336 303 321 318 329 340 342 305 261 287 282 239 204 201 189 196 162 144 128 136 115 135 114 106 95 90 77 77 48 63 44 37 26 16 18 12 7 7 4 2 3 0 0 1 0 0 0 0 0 0 0 0 0 0 0 0 0 0 0 0 0 0 0
0 0 0 0 0 0 0 0 0 0 0 0 0 0 0 0 0 0 0 0 0 0 0 0 0 1 209 217 229 230 224 251 244 248 258 311 274 319 325 388 350 373 379 360 370 410 388 442 434 521 511 520 473 486 495 509 576 525 571 646 558 577 570 564 605 569 595 568 570 554 547 534 538 581 524 427 459 407 394 324 327 268 283 239 236 220 210 177 182 150 170 122 124 84 96 74 53 40 42 24 21 20 9 15 3 3 1 2 1 1 0 1 0 0 0 0 0 0 0 0 0 0 0 0 0 0 0 0 0 0
0 0 0 0 0 0 0 0 0 0 0 0 0 0 0 0 0 0 0 0 0 1 0 0 0 0 37 61 48 45 48 52 61 58 50 57 55 49 75 60 70 67 90 78 70 58 76 69 64 85 83 86 92 84 102 115 112 124 127 106 132 146 138 151 139 143 177 142 137 128 138 138 158 186 168 142 138 164 150 134 132 88 104 123 90 92 72 58 66 56 49 36 25 39 25 22 18 13 17 7 10 8 8 3 2 2 3 0 0 0 0 0 0 0 0 0 0 0 0 0 0 0 0 0 0 0 0 0 0 0
0 0 0 0 0 0 0 0 0 0 0 0 0 0 0 0 0 0 0 0 0 0 0 0 0 0 181 222 175 188 208 226 197 206 220 220 215 211 200 220 246 248 239 246 241 268 290 297 341 389 345 354 339 316 331 383 401 425 435 479 413 437 444 477 473 460 396 427 425 377 374 394 405 392 360 304 284 272 266 242 213 196 202 206 175 157 170 155 124 120 114 91 81 84 57 51 45 29 27 32 19 19 11 7 6 3 2 0 2 1 0 0 0 0 0 0 0 0 0 0 1 0 0 0 0 0 0 0 0 0
0 0 0 0 0 0 0 0 0 0 0 0 0 0 0 0 0 0 0 0 0 0 0 0 0 0 1261 1421 1435 1355 1391 1317 1295 1276 1151 1308 1197 1193 1217 1170 1230 1238 1247 1269 1235 1198 1266 1217 1229 1361 1422 1344 1309 1310 1249 1277 1367 1314 1397 1407 1456 1397 1441 1439 1483 1411 1381 1395 1342 1329 1242 1251 1217 1245 1065 816 856 875 799 680 636 638 559 499 502 490 434 397 394 312 286 305 253 224 191 145 163 120 104 71 61 38 30 18 18 12 6 2 6 1 1 0 0 0 0 0 0 0 0 0 13 0 0 0 0 0 0 0 0 0
0 0 0 0 0 0 0 0 0 0 0 0 0 0 0 0 0 0 0 0 0 0 0 0 0 0 90 82 71 82 70 81 68 76 76 76 76 86 79 95 83 96 69 92 93 108 109 111 127 139 157 159 141 158 139 168 176 175 178 225 214 221 216 229 213 233 259 251 270 257 241 262 244 291 267 207 213 219 237 218 157 190 168 160 150 128 136 110 116 108 105 107 102 88 78 66 63 76 44 44 37 28 18 16 17 12 6 1 2 3 1 0 0 0 0 0 0 0 0 0 0 0 0 0 0 0 0 0 0 0
0 0 0 0 0 0 0 0 0 0 0 0 0 0 0 0 0 0 0 0 0 0 0 0 0 0 526 571 586 577 618 653 642 671 653 670 678 642 712 761 752 754 746 826 769 800 902 947 991 1071 1196 1194 1130 1213 1186 1179 1304 1306 1260 1306 1353 1321 1289 1362 1344 1275 1252 1251 1213 1216 1166 1151 1241 1315 1183 1030 975 975 965 775 782 649 617 591 584 527 502 436 423 349 358 322 278 225 189 166 141 107 109 73 58 40 23 23 21 5 11 3 5 0 0 1 0 0 0 0 0 0 0 0 124 0 0 0 0 0 0 0 0 0
0 0 0 0 0 0 0 0 0 0 0 0 0 0 0 0 0 0 0 0 0 0 0 1 0 0 203 192 210 224 215 236 227 192 196 189 201 225 198 211 262 242 257 250 243 259 291 308 312 297 343 314 354 309 346 356 402 402 371 390 404 396 377 410 387 379 390 396 410 410 384 384 399 384 375 322 293 281 272 259 234 227 215 193 171 169 164 158 119 123 108 100 109 76 62 66 54 40 41 30 19 19 14 10 6 3 2 2 1 0 0 0 0 0 0 0 0 0 0 0 5 0 0 0 0 0 0 0 0 0
0 0 0 0 0 0 0 0 0 0 0 0 0 0 0 0 0 0 1 0 1 1 1 1 3 3 484 577 506 539 516 518 489 454 433 443 488 474 505 521 536 520 609 574 532 569 679 621 656 729 744 706 722 751 701 759 790 839 880 869 912 930 863 896 963 969 887 896 927 909 898 839 874 911 785 668 596 611 583 525 493 466 431 386 348 367 299 244 275 209 166 172 187 158 130 105 92 58 55 61 29 37 22 13 7 5 3 4 3 1 1 0 1 0 0 0 0 0 0 1 0 0 0 0 0 0 0 0 0 0
0 0 0 0 0 0 0 0 0 0 0 0 0 0 0 0 0 0 0 0 0 0 0 0 0 1 363 413 371 373 407 419 437 429 416 413 392 377 462 452 432 467 468 532 508 544 574 626 654 722 730 723 705 765 715 801 876 800 901 887 917 941 963 927 990 961 977 980 944 917 840 846 878 913 815 684 695 716 636 583 533 524 485 464 430 405 391 302 308 271 222 258 222 200 196 157 134 108 83 74 40 45 15 12 9 9 6 4 1 0 1 1 0 0 0 0 0 0 0 0 0 0 0 0 0 0 0 0 0 0
0 0 0 0 0 0 0 0 0 0 0 0 0 0 0 0 0 0 0 0 0 0 0 0 0 0 88 111 90 106 103 111 103 119 126 88 104 105 111 114 107 103 125 98 121 118 125 132 136 132 165 149 128 152 167 178 200 213 206 231 224 211 235 255 256 268 235 201 228 222 226 192 189 194 199 154 168 142 145 111 109 114 111 118 90 101 100 76 102 46 66 73 62 57 30 41 37 22 20 12 11 13 13 8 4 4 0 0 0 0 0 1 0 0 0 0 0 0 0 0 0 0 0 0 0 0 0 0 0 0
0 0 0 0 0 0 0 0 0 0 0 0 0 0 0 0 0 0 0 0 0 0 1 0 0 0 677 723 705 694 789 697 672 697 730 723 719 745 759 755 820 812 819 857 789 801 886 890 931 1141 1191 1102 1112 1150 1125 1180 1286 1329 1360 1388 1392 1472 1349 1347 1347 1446 1321 1334 1332 1269 1187 1207 1262 1337 1166 864 940 1011 959 843 748 696 687 589 553 532 523 405 461 437 385 355 334 281 234 224 179 162 111 108 80 71 42 36 26 13 11 5 1 2 1 1 3 0 0 0 0 0 0 0 1 0 0 0 0 0 0 0 0 0
0 0 0 0 0 0 0 0 0 0 0 0 0 0 0 0 0 0 0 0 0 0 0 0 0 0 279 268 299 264 296 285 284 246 301 288 259 251 300 295 351 356 349 376 351 382 406 416 440 471 530 539 542 545 543 524 582 575 595 597 610 599 582 602 660 602 662 637 617 629 597 606 659 677 643 471 496 498 525 438 405 368 360 326 328 264 268 254 215 181 176 167 147 145 131 96 86 72 50 51 32 14 14 12 7 5 4 1 3 1 0 0 0 0 0 0 0 0 0 0 0 0 0 0 0 0 0 0 0 0
0 0 0 0 0 0 0 0 0 0 0 0 0 0 0 0 0 0 0 0 0 1 0 0 0 0 228 252 251 241 285 296 286 268 291 258 260 283 270 305 312 350 329 371 345 384 380 371 408 455 479 428 435 480 462 470 521 512 486 537 493 567 525 574 544 587 574 574 573 505 543 517 544 529 450 436 414 449 365 319 321 316 332 277 290 241 240 205 197 169 183 153 143 107 107 63 65 65 52 30 31 19 17 11 8 1 2 0 2 1 1 1 2 0 0 1 0 0 0 0 1 0 0 0 0 0 0 0 0 0
0 0 0 0 0 0 0 0 0 0 0 0 0 0 0 0 0 0 0 0 0 0 0 0 0 0 133 150 137 138 161 155 139 132 136 132 150 134 155 154 149 168 190 161 179 198 189 189 218 226 242 210 222 241 233 232 290 276 249 288 283 301 313 308 321 281 319 301 331 336 320 299 343 287 243 219 228 241 193 183 183 126 140 148 116 129 104 92 96 82 90 74 73 55 51 47 38 35 30 24 18 12 13 3 4 0 4 3 2 0 0 0 0 0 0 1 0 0 0 0 16 0 0 0 0 0 0 0 0 0
0 0 0 0 0 0 0 0 0 0 0 0 0 0 0 0 0 0 0 0 0 0 0 0 0 0 319 317 293 346 359 305 349 347 347 393 337 341 340 375 351 370 389 371 364 359 409 476 450 523 507 542 553 518 627 579 644 597 642 636 578 613 612 616 594 595 589 607 582 599 566 569 584 653 521 456 474 458 478 406 346 351 337 315 283 295 278 209 223 201 183 138 142 147 90 90 83 59 57 35 35 25 11 5 5 9 1 1 3 0 2 0 0 0 0 0 0 0 0 0 1 0 0 0 0 0 0 0 0 0
0 0 0 0 0 0 0 0 0 0 0 0 0 0 0 0 0 0 0 0 0 0 0 0 1 0 183 183 183 171 197 180 185 198 183 225 203 224 198 230 231 242 245 260 283 267 311 309 335 435 456 413 403 432 418 462 485 491 516 528 502 483 447 536 526 523 505 475 462 459 439 421 454 470 426 345 377 370 354 297 296 266 258 248 224 211 177 168 137 144 112 124 96 70 75 51 58 27 34 30 15 10 13 6 4 5 1 0 1 0 1 1 0 0 0 0 0 0 0 0 0 0 0 0 0 0 0 0 0 0
0 0 0 0 0 0 0 0 0 0 0 0 0 0 0 0 0 0 0 0 0 0 0 0 0 0 242 253 257 237 285 282 250 267 273 259 269 298 300 301 304 319 375 381 344 415 378 444 498 472 527 521 536 555 574 606 603 593 602 631 641 593 624 598 625 644 629 625 650 641 599 614 659 732 608 494 513 538 475 419 425 385 387 375 351 302 267 247 262 190 202 185 160 167 113 120 96 81 57 61 41 19 22 21 8 7 6 3 3 0 0 1 1 0 0 0 0 0 0 0 0 0 0 0 0 0 0 0 0 0
0 0 0 0 0 0 0 0 0 0 0 0 0 0 0 0 0 0 0 0 0 0 0 0 0 0 62 49 62 49 63 39 68 58 56 54 55 69 62 62 74 66 82 63 70 88 88 95 72 102 101 94 83 108 102 94 96 102 118 119 125 132 133 120 104 140 140 141 130 109 112 101 133 139 108 106 113 100 101 101 94 72 62 71 61 64 46 36 39 38 44 27 21 19 16 8 9 16 13 5 4 2 3 1 0 2 2 0 1 0 0 0 0 0 0 0 0 0 0 0 0 0 0 0 0 0 0 0 0 0
0 0 0 0 0 0 0 0 0 0 0 0 0 0 0 0 0 0 0 0 0 0 0 0 0 0 125 155 149 146 146 143 135 149 151 157 145 145 160 157 173 173 155 185 182 201 186 178 199 200 193 218 191 212 224 234 268 261 278 306 317 303 300 330 345 348 350 362 344 399 347 355 389 441 406 368 352 406 407 354 310 315 305 289 255 245 203 197 200 159 173 157 134 149 103 81 64 57 62 38 32 30 13 13 15 5 0 2 3 0 1 1 0 0 0 0 0 0 0 0 0 0 0 0 0 0 0 0 0 0
0 0 0 0 0 0 0 0 0 0 0 0 0 0 0 0 0 0 0 0 0 0 0 0 0 0 11 13 12 11 19 17 12 23 18 17 15 18 15 19 24 18 31 23 11 22 18 13 18 22 21 26 19 22 23 38 33 36 38 41 49 38 44 40 56 44 42 35 41 42 29 38 35 47 27 31 25 27 24 32 27 28 18 23 21 30 17 11 17 10 11 12 13 7 11 2 4 6 6 3 2 2 3 2 0 0 1 0 0 0 0 0 0 1 0 0 0 0 0 0 0 0 0 0 0 0 0 0 0 0
0 0 0 0 0 0 0 0 0 0 0 0 0 0 0 0 0 0 1 0 0 2 0 0 1 0 146 158 163 169 166 174 164 165 140 181 186 189 182 188 200 203 201 231 187 228 239 247 274 246 224 234 244 268 296 262 304 296 293 306 314 317 370 363 370 369 366 428 368 351 363 344 351 339 289 302 261 257 222 211 205 168 181 161 166 168 124 118 129 83 98 84 63 62 56 31 38 32 25 18 12 16 5 7 3 1 4 0 0 1 0 0 0 0 0 0 0 0 0 1 0 0 0 0 0 0 0 0 0 0
0 0 0 0 0 0 0 0 0 0 0 0 0 0 0 0 0 0 0 0 0 0 0 0 1 0 1069 1091 958 997 1014 1023 982 1035 1012 1088 1071 1202 1249 1382 1481 1464 1573 1706 1763 1810 1943 2021 2227 2568 2828 2602 2566 2395 2460 2389 2470 2456 2317 2300 2254 2108 1971 1861 1874 1666 1711 1599 1569 1543 1413 1460 1533 1583 1346 1128 1159 1265 1138 959 844 776 751 583 652 520 508 444 404 340 309 259 215 231 163 135 145 101 66 65 52 27 16 16 8 16 6 6 4 0 1 0 0 1 0 0 0 0 0 0 0 0 0 0 0 0 0 0 0 0
0 0 0 0 0 0 0 0 0 0 0 0 0 0 0 0 0 0 0 0 0 0 0 0 1 0 219 281 268 269 261 298 277 240 223 240 204 247 240 233 249 254 250 245 242 253 282 311 342 353 377 336 362 340 381 371 385 408 454 428 414 385 442 449 459 471 433 442 461 421 415 387 403 384 364 334 290 322 302 263 231 213 218 181 184 188 178 142 131 121 113 91 93 90 87 55 45 36 30 34 12 13 15 7 7 5 3 4 1 0 0 0 1 0 0 0 0 0 0 0 1 0 0 0 0 0 0 0 0 0
0 0 0 0 0 0 0 0 0 0 0 0 0 0 0 0 0 0 0 0 0 0 3 1 2 6 7030 7692 7405 7341 7576 7502 7338 7427 7536 7598 7675 7640 8127 8058 8485 8496 8690 9077 9045 9076 9504 9529 9743 10512 11443 11006 10128 9879 10009 10158 10392 10227 10180 10181 10036 9529 9154 8881 8714 8170 7971 7561 7513 7032 6547 6400 6401 6925 6037 4810 4682 4728 4364 3545 3323 2947 2962 2764 2513 2364 2166 1864 1938 1766 1621 1382 1332 1158 1051 885 758 602 522 477 316 230 216 130 91 58 53 23 16 8 9 1 4 1 1 0 0 0 0 0 0 0 0 0 0 0 0 0 0 0
0 0 0 0 0 0 0 0 0 0 0 0 0 0 0 0 0 0 0 0 0 0 0 0 0 1 96 105 110 119 113 120 116 110 125 102 113 105 89 88 133 105 120 110 96 83 106 121 106 140 131 136 159 136 157 167 189 198 172 215 227 221 246 209 244 249 240 263 248 231 240 217 214 266 213 200 168 173 175 174 131 111 130 122 96 112 120 90 90 84 72 59 54 58 55 33 38 27 28 15 18 13 9 5 6 0 0 2 1 0 0 1 0 0 0 0 0 0 0 0 0 0 0 0 0 0 0 0 0 0
0 0 0 0 0 0 0 0 0 0 0 0 0 0 0 0 0 0 0 0 0 0 0 0 0 0 57 53 69 67 76 78 69 50 59 48 61 79 62 69 59 67 67 71 71 60 79 67 70 90 91 90 91 111 86 116 114 106 123 128 118 141 140 137 179 157 171 140 158 139 152 127 150 129 126 116 110 115 120 98 80 74 74 90 90 69 65 51 53 41 41 51 46 23 24 22 13 16 8 15 7 3 10 1 1 1 2 0 1 1 0 0 0 0 0 0 0 0 0 0 0 0 0 0 0 0 0 0 0 0
0 0 0 0 0 0 0 0 0 0 0 0 0 0 0 0 0 0 0 0 0 0 0 1 0 1 799 796 723 638 546 390 318 305 334 267 278 268 274 278 315 273 287 273 298 276 303 311 291 351 348 361 348 327 356 316 369 377 427 449 450 405 410 451 470 422 484 452 436 473 458 435 434 482 383 327 344 352 325 252 281 252 226 208 211 142 146 137 150 102 109 104 103 93 68 53 60 41 41 26 24 9 12 10 10 5 4 1 3 3 2 0 0 0 0 0 0 0 0 0 0 0 0 0 0 0 0 0 0 0
0 0 0 0 0 0 0 0 0 0 0 0 0 0 0 0 0 0 0 0 0 0 0 1 0 2 566 574 595 601 618 598 622 595 582 675 596 613 632 618 648 596 610 676 671 693 708 749 775 853 912 828 911 871 899 934 1083 1039 1078 1120 1046 1103 1093 1200 1093 1099 1094 1023 1086 1042 932 933 961 957 827 715 716 781 652 628 596 596 576 519 511 459 425 397 353 335 296 293 242 192 191 172 103 89 84 68 36 30 25 15 11 5 7 1 0 3 0 0 1 0 0 0 0 0 1 0 1 0 0 0 0 0 0 0 0 0
0 0 0 0 0 0 0 0 0 0 0 0 0 0 0 0 0 0 0 0 0 1 1 1 0 1 223 230 218 226 222 243 227 293 274 238 287 292 272 325 324 329 328 388 352 350 409 429 459 475 546 505 453 473 508 547 633 592 582 691 591 643 634 653 661 675 663 671 684 654 612 635 672 684 632 521 535 583 510 434 399 381 391 364 339 348 271 271 233 196 185 172 145 130 128 89 83 71 55 51 35 27 20 12 8 11 3 2 1 1 1 0 0 0 0 0 0 0 0 0 0 0 0 0 0 0 0 0 0 0
0 0 0 0 0 0 0 0 0 0 0 0 0 0 0 0 0 0 0 0 2 0 0 0 1 0 415 495 461 487 505 536 517 463 495 521 507 471 493 538 512 534 514 541 536 531 560 597 618 681 659 754 680 645 728 748 818 812 782 818 791 829 791 788 767 832 825 836 788 799 738 717 711 781 671 545 534 533 578 441 411 369 396 347 323 324 287 276 255 225 193 190 165 169 133 135 102 73 74 56 53 32 20 14 8 11 1 5 2 0 1 0 0 0 0 0 0 0 0 0 0 0 0 0 0 0 0 0 0 0
0 0 0 0 0 0 0 0 0 0 0 0 0 0 0 0 0 0 0 0 0 0 0 0 0 0 142 138 164 150 163 124 146 154 155 155 147 136 158 182 188 170 177 194 189 212 225 234 250 296 342 306 328 303 341 351 406 371 401 358 400 355 368 395 372 377 321 336 350 371 309 372 337 368 307 282 255 296 281 244 243 234 191 205 167 166 162 128 137 125 95 101 79 71 55 58 35 38 37 17 20 10 7 5 4 2 1 3 2 1 0 0 1 0 0 0 0 0 0 0 6 0 0 0 0 0 0 0 0 0
