89
48
89
48
38
15
37
52
3
87
22
94
72
38
21
69
15
61
52
40
3
8
37
6
93
94
17
46
66
22
75
4
72
69
87
58
27
62
21
57
61
40
5
20
6
83
8
93
100
66
99
46
17
9
56
70
47
2
50
73
91
4
75
77
31
88
58
59
57
62
28
5
85
30
24
27
53
33
82
83
20
42
9
99
7
2
39
71
54
73
95
81
88
84
97
56
86
44
30
35
70
77
59
85
91
28
14
50
31
7
98
47
79
12
55
82
33
54
53
19
42
16
24
43
39
96
78
23
97
84
64
71
25
86
63
44
35
81
95
67
14
76
45
16
80
12
19
98
79
55
10
1
23
18
29
64
49
74
25
68
78
63
96
51
13
43
36
76
45
80
90
65
29
18
67
1
68
10
49
26
11
74
51
13
90
34
32
36
65
11
41
26
32
34
41
60
92
60
92
