13 Cabarrus 2020-11-03 registered 1732 1913 1874 1710 1858 1886 1779 1850 2054 2088 1923 2053 2142 2177 2131 2149 2269 2318 2305 2335 2479 2510 2473 2607 2470 2678 2525 2582 2690 2664 2776 3136 3077 2819 2767 2658 2705 2587 2672 2574 2589 2561 2393 2407 2270 2290 2071 2044 2059 1926 1901 1837 1743 1789 1705 1825 1556 1235 1303 1342 1158 1025 944 828 820 756 686 625 604 521 500 461 408 375 328 310 264 212 208 189 117 99 84 44 47 22 19 11 4 2 5 3 2 2 
13 Cabarrus 2020-11-03 voted 1724 1893 1755 1597 1567 1554 1445 1516 1500 1536 1449 1567 1660 1677 1725 1715 1851 1890 1918 1910 2058 2109 2056 2229 2095 2274 2119 2200 2312 2291 2379 2726 2636 2415 2420 2292 2322 2213 2275 2237 2198 2186 2037 2058 1901 1952 1773 1734 1719 1623 1561 1462 1430 1439 1404 1455 1244 956 986 1004 854 733 663 544 537 491 418 338 316 237 245 174 159 125 98 75 59 51 32 22 19 11 7 5 3 1 1 1 
13 Cabarrus 2020-11-03 late_reg 0 0 0 0 0 0 0 0 0 0 0 0 0 0 0 0 0 0 9 5 2 7 24 20 13 31 28 18 31 26 17 17 32 19 20 18 19 24 24 16 12 17 17 17 8 14 15 15 11 10 15 15 17 15 9 6 6 13 6 7 7 11 5 6 2 9 7 8 5 5 5 3 8 3 3 0 1 2 1 2 2 1 0 2 3 0 0 2 0 0 0 0 0 0 0 0 0 0 0 0 0 0 0 0 0 0 0 0 0 0 0 0 0 0 0 0 0 0 0 0 0 0 0 0 0 0 0 0 0 0 
13 Cabarrus 2016-11-08 registered 1 99 129 995 1098 1022 1075 1207 1175 1092 1096 1174 1199 1192 1241 1306 1400 1394 1463 1625 1598 1610 1786 1736 1903 1811 1861 1978 1992 2124 2442 2369 2223 2198 2139 2186 2048 2164 2099 2137 2075 1959 2019 1888 1913 1705 1704 1720 1659 1639 1585 1499 1535 1473 1607 1370 1095 1139 1208 1052 932 845 736 737 693 633 578 561 497 464 434 388 350 317 300 252 200 204 185 114 96 81 44 46 22 19 11 4 2 5 3 2 2 
13 Cabarrus 2016-11-08 voted 1 969 1105 1017 1052 1029 1041 1012 1059 1181 1160 1268 1282 1361 1433 1445 1446 1612 1673 1625 1778 1681 1879 1755 1804 1902 1934 2001 2381 2312 2123 2091 2019 2116 1961 2058 2011 2015 1953 1834 1884 1748 1809 1618 1594 1614 1544 1507 1438 1360 1448 1359 1458 1261 1000 1005 1050 896 770 721 617 601 578 493 433 397 336 323 282 253 206 181 155 134 111 78 75 38 36 26 13 6 8 5 2 1 1 
13 Cabarrus 2016-11-08 late_reg 0 0 0 0 0 0 0 0 0 0 0 0 0 0 0 0 0 0 0 0 0 0 168 241 254 271 276 305 272 317 349 328 338 331 344 337 329 300 299 355 310 310 252 258 251 265 255 251 230 268 283 223 202 180 209 193 190 181 158 149 147 123 134 141 130 114 123 86 93 89 76 87 79 76 66 54 46 46 31 28 34 26 27 28 18 22 16 8 12 8 6 4 5 4 6 5 0 1 1 2 0 0 0 0 0 0 0 0 0 0 0 0 0 0 0 0 0 0 0 0 0 0 0 0 0 0 0 0 0 0 
13 Cabarrus 2012-11-06 registered 1 1 2 786 809 688 681 792 777 692 716 801 862 862 892 1052 998 1097 1205 1172 1317 1305 1396 1487 1499 1624 1953 1927 1813 1758 1764 1814 1694 1821 1759 1815 1745 1692 1751 1620 1675 1471 1482 1499 1461 1419 1370 1299 1336 1277 1445 1219 969 1035 1093 952 838 765 673 678 644 580 539 516 466 431 402 360 321 300 280 231 181 193 176 106 91 79 41 45 22 15 11 4 2 5 2 2 2 
13 Cabarrus 2012-11-06 voted 1 1 965 1033 918 966 1056 1048 981 1044 1112 1165 1203 1260 1353 1407 1420 1520 1488 1611 1565 1666 1736 1726 1882 2160 2113 1977 1950 1902 1961 1835 1965 1905 1909 1838 1773 1833 1703 1758 1554 1578 1557 1501 1489 1441 1345 1388 1339 1483 1260 996 1053 1105 974 860 792 689 697 650 589 548 523 464 435 397 352 315 296 271 222 181 187 169 99 88 73 40 44 22 15 8 3 2 3 1 2 2 
13 Cabarrus 2012-11-06 late_reg 0 0 0 0 0 0 0 0 0 0 0 0 0 0 0 0 0 0 0 0 0 0 0 0 0 0 344 402 370 428 421 428 431 454 441 457 469 495 457 541 473 479 452 439 393 443 404 394 409 435 392 325 353 286 313 312 296 287 254 242 230 215 209 217 182 183 173 140 174 146 131 138 143 125 106 82 78 73 61 56 64 44 48 42 37 37 31 17 24 19 12 14 11 12 12 11 5 4 3 4 1 2 1 0 0 0 0 0 0 0 0 0 0 0 0 0 0 0 0 0 0 0 0 0 0 0 0 0 0 0 
10 Brunswick 2020-11-03 registered 527 617 621 590 691 693 751 724 861 844 907 832 1000 999 944 948 985 1010 1014 970 1071 1041 1112 1022 1055 1021 1008 1047 1070 1058 1157 1212 1438 1358 1356 1353 1468 1641 1806 1862 2008 2124 2292 2471 2588 2822 2940 3055 3169 3282 3434 3448 3276 3286 3405 3645 2965 2332 2284 2336 2077 1707 1372 1283 1159 950 885 818 725 657 567 449 442 394 344 299 235 183 187 131 105 87 62 49 17 24 19 9 11 6 4 1 2 
10 Brunswick 2020-11-03 voted 526 612 576 548 556 506 575 565 592 604 673 636 725 769 720 725 740 785 779 758 826 806 845 814 831 814 835 861 859 875 960 986 1190 1168 1159 1141 1252 1419 1553 1628 1728 1842 1977 2167 2254 2485 2618 2667 2817 2832 2936 2999 2802 2766 2863 2954 2415 1840 1764 1767 1558 1191 970 866 724 550 507 456 364 301 253 199 154 128 84 84 52 37 35 23 10 12 5 7 1 1 
10 Brunswick 2020-11-03 late_reg 0 0 0 0 0 0 0 0 0 0 0 0 0 0 0 0 0 0 5 4 4 4 5 9 10 5 13 6 13 13 10 12 8 12 6 6 5 10 6 5 7 10 9 6 8 4 4 9 6 10 13 13 16 21 15 17 10 20 24 25 21 34 25 25 24 20 21 25 17 24 13 23 12 11 17 6 6 2 4 3 5 1 1 0 0 1 0 3 0 0 0 2 0 1 0 0 0 0 0 0 0 0 0 0 0 0 0 0 0 0 0 0 0 0 0 0 0 0 0 0 0 0 0 0 0 0 0 0 0 0 
10 Brunswick 2016-11-08 registered 6 7 340 387 414 380 498 468 494 442 601 558 562 554 609 657 640 655 740 737 796 706 766 768 730 760 761 770 836 846 1017 926 916 942 940 1056 1102 1139 1241 1296 1370 1435 1518 1661 1691 1802 1927 2127 2301 2391 2392 2483 2679 2944 2472 1966 1950 2028 1787 1522 1195 1144 1037 872 814 753 663 603 525 404 409 360 328 279 224 174 180 121 99 81 61 48 17 24 19 9 11 6 4 1 2 
10 Brunswick 2016-11-08 voted 337 380 406 369 406 403 447 407 529 533 526 525 542 591 589 612 657 641 702 644 693 640 682 709 715 757 784 802 977 909 914 904 950 1083 1162 1176 1268 1340 1397 1520 1582 1728 1849 1855 2015 2201 2265 2409 2381 2388 2579 2738 2293 1810 1750 1826 1578 1301 1034 955 845 686 609 572 486 427 337 257 249 211 169 139 102 83 70 46 36 26 17 14 2 4 4 2 1 
10 Brunswick 2016-11-08 late_reg 0 0 0 0 0 0 0 0 0 0 0 0 0 0 0 0 0 0 0 0 0 0 63 75 111 90 115 106 119 121 112 140 115 114 94 99 105 110 101 84 88 108 87 67 97 79 96 116 89 116 156 137 164 141 151 197 228 229 229 245 244 309 262 300 341 286 315 321 244 274 237 211 197 169 143 104 92 89 69 59 52 44 34 20 17 16 17 18 5 11 6 12 3 5 3 1 2 2 1 0 0 0 0 0 0 0 0 0 0 0 0 0 0 0 0 0 0 0 0 0 0 0 0 0 0 0 0 0 0 0 
10 Brunswick 2012-11-06 registered 1 312 303 312 291 378 360 344 340 374 412 435 442 498 514 570 529 560 570 554 582 576 598 619 657 788 705 700 707 701 782 787 828 830 894 952 929 953 1054 1058 1132 1200 1324 1449 1492 1509 1639 1862 2128 1898 1566 1585 1698 1518 1319 1057 1014 921 795 737 697 601 549 483 372 381 324 296 254 201 147 162 108 83 71 56 41 16 23 19 7 11 6 4 1 2 
10 Brunswick 2012-11-06 voted 384 374 389 350 423 420 420 424 441 481 521 515 559 558 628 593 620 608 613 610 652 679 640 737 908 795 815 803 824 938 955 1028 1054 1137 1223 1232 1256 1345 1423 1483 1559 1724 1757 1852 1830 1901 2123 2355 2059 1689 1703 1783 1604 1368 1107 1045 958 809 740 699 609 557 474 374 378 314 294 244 199 143 158 107 82 69 53 38 16 20 18 7 9 4 4 1 2 
10 Brunswick 2012-11-06 late_reg 0 0 0 0 0 0 0 0 0 0 0 0 0 0 0 0 0 0 0 0 0 0 0 0 0 0 132 138 157 148 142 164 162 159 139 151 161 155 145 129 152 147 137 113 139 132 140 147 126 165 212 176 214 187 206 239 283 306 315 344 352 392 393 408 473 426 442 488 409 445 395 367 353 329 241 178 179 154 146 97 86 78 68 49 42 33 33 31 18 24 16 18 10 10 9 5 5 4 7 2 1 0 0 0 0 0 0 0 0 0 0 0 0 0 0 0 0 0 0 0 0 0 0 0 0 0 0 0 0 0 
85 Stokes 2020-11-03 registered 273 284 311 310 355 339 295 337 380 366 367 340 378 363 346 353 312 369 381 369 352 366 378 375 373 393 400 416 435 456 502 586 629 572 572 599 581 630 633 643 673 685 648 640 560 673 651 651 628 590 567 544 525 489 534 555 491 403 426 426 383 336 326 296 281 281 251 239 191 188 145 157 126 134 103 77 82 56 63 28 34 32 19 11 13 6 4 5 1 1 1 1 
85 Stokes 2020-11-03 voted 273 281 295 294 287 274 248 285 307 288 289 268 310 290 280 275 261 301 329 307 303 318 313 328 326 339 339 379 366 395 443 520 544 499 502 540 511 543 536 564 592 585 573 543 474 592 560 558 541 502 483 449 426 401 430 453 366 313 307 313 278 239 217 190 170 168 134 144 91 85 60 71 46 41 25 15 19 13 12 4 4 4 1 
85 Stokes 2020-11-03 late_reg 0 0 0 0 0 0 0 0 0 0 0 0 0 0 0 0 0 0 2 2 2 2 1 3 3 4 5 6 2 7 8 1 6 2 3 3 0 0 2 4 4 0 4 3 1 5 5 3 3 3 4 4 3 3 2 3 4 5 2 3 3 0 1 2 2 4 2 3 2 3 2 1 0 0 2 0 0 0 1 0 0 0 0 0 0 0 0 0 0 0 0 0 0 0 0 0 0 0 0 0 0 0 0 0 0 0 0 0 0 0 0 0 0 0 0 0 0 0 0 0 0 0 0 0 0 0 0 0 0 0 
85 Stokes 2016-11-08 registered 6 12 225 220 188 222 251 218 234 202 238 240 228 232 223 256 260 272 260 261 284 288 292 315 317 311 362 357 405 479 517 465 471 493 475 525 542 539 567 592 549 537 492 591 560 560 552 517 496 483 478 453 491 509 442 375 390 405 371 317 312 275 270 265 237 226 187 179 141 146 123 130 103 76 81 55 61 28 34 32 19 11 13 6 4 5 1 1 1 1 
85 Stokes 2016-11-08 voted 216 213 177 218 223 209 213 195 242 233 212 205 209 247 263 264 250 253 262 270 282 293 299 307 331 349 386 462 494 434 449 453 453 505 503 521 544 543 521 488 458 554 521 532 520 482 466 451 440 417 441 454 391 328 342 349 315 266 261 227 202 199 167 177 132 123 88 107 72 74 54 37 33 25 28 8 14 7 7 1 3 2 1 2 
85 Stokes 2016-11-08 late_reg 0 0 0 0 0 0 0 0 0 0 0 0 0 0 0 0 0 0 0 0 0 0 21 30 28 40 53 57 44 54 54 45 40 38 31 42 44 39 27 36 29 26 31 24 31 40 22 38 36 40 48 42 40 25 38 47 38 48 35 39 35 32 26 28 24 34 24 27 30 28 16 13 9 15 25 12 20 10 4 5 7 7 4 3 4 5 1 3 2 6 0 2 0 1 0 0 1 0 0 0 0 0 0 0 0 0 0 0 0 0 0 0 0 0 0 0 0 0 0 0 0 0 0 0 0 0 0 0 0 0 
85 Stokes 2012-11-06 registered 1 164 158 156 143 159 170 167 172 166 202 185 212 195 214 219 237 234 263 251 251 311 303 334 426 454 413 409 433 419 465 486 483 512 522 507 482 444 527 514 505 503 476 453 447 435 412 454 474 428 354 369 381 355 299 299 271 259 251 228 212 184 172 138 139 119 126 99 75 79 54 61 27 34 32 17 11 13 6 4 5 1 1 1 1 
85 Stokes 2012-11-06 voted 1 183 183 183 171 197 180 185 198 183 225 203 224 198 230 231 242 245 260 283 267 311 309 335 435 456 413 403 432 418 462 485 491 516 528 502 483 447 536 526 523 505 475 462 459 439 421 454 470 426 345 377 370 354 297 296 266 258 248 224 211 177 168 137 144 112 124 96 70 75 51 58 27 34 30 15 10 13 6 4 5 1 1 1 1 
85 Stokes 2012-11-06 late_reg 0 0 0 0 0 0 0 0 0 0 0 0 0 0 0 0 0 0 0 0 0 0 0 0 0 0 47 58 60 58 79 56 55 59 44 61 60 48 46 50 52 42 42 45 63 57 43 54 48 60 68 54 48 45 51 62 55 61 52 60 47 51 42 47 47 54 42 49 50 38 30 32 24 25 29 17 31 18 13 13 8 8 8 10 7 11 2 5 4 10 2 3 1 1 0 1 1 1 0 0 1 0 0 0 0 0 0 0 0 0 0 0 0 0 0 0 0 0 0 0 0 0 0 0 0 0 0 0 0 0 
