0 0 0 0 0 0 0 0 0 0 0 0 0 0 0 0 0 804 1419 1348 1298 1218 1108 1038 1001 1040 1060 1077 1112 1137 1250 1243 1184 1246 1193 1178 1084 1241 1227 1232 1228 1143 1226 1157 1265 1313 1250 1431 1562 1726 1622 1528 1513 1676 1597 1618 1784 1759 1708 1707 1689 1621 1614 1562 1498 1499 1507 1485 1345 1255 1251 1235 1289 1219 960 972 895 907 789 669 580 541 520 464 416 409 335 299 248 197 175 146 100 85 63 57 31 14 12 10 5 6 2 1 1 0 0 0 0 0 0 0 0 0 0 0 0 0 0 0 1 0 0 0 0 0 0 0 0 0
0 0 0 0 0 0 0 0 0 0 0 0 0 0 0 0 0 0 526 612 576 548 556 506 575 565 592 604 673 636 725 769 720 725 740 785 779 758 826 806 845 814 831 814 835 861 859 875 960 986 1190 1168 1159 1141 1252 1419 1553 1628 1728 1842 1977 2167 2254 2485 2618 2667 2817 2832 2936 2999 2802 2766 2863 2954 2415 1840 1764 1767 1558 1191 970 866 724 550 507 456 364 301 253 199 154 128 84 84 52 37 35 23 10 12 5 7 0 0 1 0 0 0 0 0 0 0 0 0 0 0 0 0 0 0 1 0 0 0 0 0 0 0 0 0
0 0 0 0 0 0 0 0 0 0 0 0 0 0 0 0 0 0 1560 1774 1781 1762 1814 1777 1856 2051 2133 2165 2378 2578 2705 2599 2609 2671 2695 2752 2618 2559 2649 2590 2678 2673 2572 2700 2428 2323 2434 2389 2434 2576 2762 2603 2475 2405 2532 2545 2616 2638 2716 2900 2819 2800 2903 2997 3008 2987 3010 3053 3056 2989 2797 2863 2606 2786 2408 1848 1777 1785 1586 1383 1209 1012 989 854 783 704 613 494 464 401 335 260 214 205 146 104 71 54 31 28 21 10 3 2 2 0 1 1 0 0 0 0 0 0 0 0 0 0 0 0 0 0 0 0 0 0 0 0 0 0
0 0 0 0 0 0 0 0 0 0 0 0 0 0 0 0 0 0 468 485 536 461 467 449 458 454 510 520 491 555 566 548 537 488 515 514 476 511 520 544 531 564 537 618 556 625 664 668 755 800 819 849 819 855 831 872 950 937 966 954 929 932 931 989 871 898 874 850 804 815 827 869 813 837 729 569 547 571 508 468 388 368 327 288 260 202 195 164 132 116 109 84 55 62 38 31 20 8 8 5 3 3 2 0 0 0 0 1 0 0 1 0 0 0 0 0 0 0 0 0 0 0 0 0 0 0 0 0 0 0
0 0 0 0 0 0 0 0 0 0 0 0 0 0 0 0 0 0 1724 1893 1755 1597 1567 1554 1445 1516 1500 1536 1449 1567 1660 1677 1725 1715 1851 1890 1918 1910 2058 2109 2056 2229 2095 2274 2119 2200 2312 2291 2379 2726 2636 2415 2420 2292 2322 2213 2275 2237 2198 2186 2037 2058 1901 1952 1773 1734 1719 1623 1561 1462 1430 1439 1404 1455 1244 956 986 1004 854 733 663 544 537 491 418 338 316 237 245 174 159 125 98 75 59 51 32 22 19 11 7 5 0 3 0 1 0 1 0 0 0 0 0 0 0 1 0 0 0 0 0 0 0 0 0 0 0 0 0 0
0 0 0 0 0 0 0 0 0 0 0 0 0 0 0 0 0 0 456 537 525 462 501 443 445 454 441 468 507 490 549 521 540 517 490 484 512 516 507 476 535 543 586 607 548 643 659 626 736 834 849 880 864 863 820 864 874 870 881 905 886 868 888 832 882 849 846 861 771 762 731 705 764 776 615 555 491 559 461 467 359 316 298 286 225 200 180 149 123 99 84 57 49 42 37 17 10 5 8 5 1 2 2 0 0 0 0 0 0 0 0 0 0 0 0 0 0 0 0 0 0 0 0 0 0 0 0 0 0 0
0 0 0 0 0 0 0 0 0 0 0 0 0 0 0 0 0 0 75 87 75 77 76 68 55 47 59 51 76 62 77 63 81 74 101 73 98 87 85 100 116 90 86 109 69 105 87 115 114 128 117 136 112 121 118 128 138 150 118 124 123 121 98 131 116 120 112 100 72 71 85 84 81 80 85 68 61 52 65 39 42 29 34 31 23 25 23 12 15 9 12 4 1 3 3 1 3 0 1 0 0 0 0 0 0 0 0 0 0 0 0 0 0 0 0 0 0 0 0 0 0 0 0 0 0 0 0 0 0 0
0 0 0 0 0 0 0 0 0 0 0 0 0 0 0 0 0 0 346 406 388 347 364 331 309 327 356 330 374 357 376 385 476 445 455 448 505 517 524 490 515 491 550 514 503 487 558 574 577 634 732 751 726 696 786 816 891 928 927 976 998 1004 1011 1058 1064 1032 1037 1059 1003 977 874 902 891 1009 805 636 627 610 556 484 385 375 332 267 243 224 184 164 151 130 100 71 62 52 37 23 16 13 6 4 5 1 0 0 0 0 0 0 0 0 0 0 0 0 0 0 0 0 0 0 1 0 0 0 0 0 0 0 0 0
0 0 0 0 0 0 0 0 0 0 0 0 0 0 0 0 0 0 126 143 129 117 112 127 110 114 123 125 122 138 133 124 127 129 110 110 131 149 128 142 133 140 141 159 146 166 175 199 173 233 235 231 210 220 209 223 250 265 261 299 270 259 270 293 279 261 274 269 255 264 231 240 238 204 210 139 157 141 173 104 103 94 87 84 73 63 48 34 20 33 22 20 22 7 11 7 3 4 5 0 1 1 0 0 1 0 0 0 0 0 0 0 0 0 0 0 0 0 0 0 0 0 0 0 0 0 0 0 0 0
0 0 0 0 0 0 0 0 0 0 0 0 0 0 0 0 0 0 991 1121 1027 956 986 951 903 971 918 972 994 1021 1047 1025 957 986 991 1011 984 1026 1052 1097 1118 1081 1171 1222 1187 1141 1322 1381 1477 1636 1634 1587 1576 1559 1652 1554 1724 1792 1747 1840 1755 1699 1683 1687 1681 1652 1602 1499 1496 1472 1370 1427 1342 1440 1291 1000 905 983 882 766 637 575 543 462 431 369 338 267 241 208 173 133 113 80 66 39 35 27 11 6 7 5 3 1 0 0 0 0 0 0 0 0 0 0 0 0 0 0 0 0 0 0 0 0 0 0 0 0 0 0
0 0 0 0 0 0 0 0 0 0 0 0 0 0 0 0 0 0 515 552 570 503 513 483 411 438 399 423 433 407 481 509 499 514 540 511 611 570 583 600 602 655 625 658 664 662 677 709 778 788 946 836 848 808 797 874 927 959 954 1016 994 1011 972 1000 974 1019 991 981 1007 1009 971 956 950 1039 942 783 710 808 718 556 518 426 411 365 297 290 250 212 176 160 133 100 85 79 75 36 18 31 21 13 13 8 5 0 0 0 0 0 0 0 0 0 0 0 0 1 0 0 0 0 0 0 0 0 0 0 0 0 0 0
0 0 0 0 0 0 0 0 0 0 0 0 0 0 0 0 0 0 221 260 244 206 236 222 222 232 202 238 237 265 233 249 223 257 224 240 262 221 272 255 251 298 267 303 268 306 313 327 326 378 425 398 376 383 378 375 457 465 419 420 409 412 374 406 380 431 375 364 344 403 334 336 361 383 298 262 260 249 235 203 164 172 135 130 101 91 86 70 58 47 37 21 20 20 9 10 7 1 2 4 1 1 1 0 0 0 0 0 0 0 0 0 0 0 0 0 0 0 0 0 0 0 0 0 0 0 0 0 0 0
0 0 0 0 0 0 0 0 0 0 0 0 0 0 0 0 0 0 139 140 126 141 141 127 123 124 125 129 138 158 131 123 149 132 133 144 145 160 159 146 194 140 179 189 174 189 226 215 196 238 277 261 257 254 266 313 302 288 321 343 360 360 376 426 388 450 442 427 416 434 410 441 390 438 351 317 276 286 263 244 161 148 136 132 103 99 92 55 46 38 17 33 21 18 8 10 7 4 6 1 0 0 0 0 0 0 1 0 0 0 0 0 0 0 0 0 0 0 0 0 1 0 0 0 0 0 0 0 0 0
0 0 0 0 0 0 0 0 0 0 0 0 0 0 0 0 0 0 68 82 73 63 62 66 67 53 76 61 80 85 70 82 89 77 83 93 86 81 105 81 100 102 99 93 106 93 99 101 96 119 97 121 119 102 137 124 152 184 176 182 160 166 187 187 147 167 207 177 188 172 158 157 163 155 166 115 136 116 110 92 77 71 59 61 51 39 48 32 29 29 29 24 14 15 10 2 5 2 3 1 0 1 0 0 0 0 0 0 0 0 0 0 0 0 0 0 0 0 0 0 0 0 0 0 0 0 0 0 0 0
0 0 0 0 0 0 0 0 0 0 0 0 0 0 0 0 0 0 56 65 60 41 44 50 44 56 38 44 48 57 50 60 66 62 57 68 70 74 57 69 84 67 70 77 68 64 67 77 82 92 90 85 116 99 102 113 116 133 122 137 155 173 162 174 187 200 194 183 195 212 182 172 171 197 154 126 120 133 123 96 76 83 56 50 48 45 32 33 24 11 17 17 6 7 6 3 5 1 4 2 1 1 0 0 0 0 0 0 0 0 0 0 0 0 0 0 0 0 0 0 0 0 0 0 0 0 0 0 0 0
0 0 0 0 0 0 0 0 0 0 0 0 0 0 0 0 0 0 521 620 611 556 626 574 580 583 583 594 612 667 663 699 627 683 650 585 630 600 661 679 693 682 689 689 744 741 803 819 840 945 994 984 1015 1018 1040 1013 1104 1066 1059 1127 1023 961 934 1055 1066 944 1055 952 943 918 842 895 865 889 774 582 602 609 543 497 411 396 317 325 241 229 212 158 127 115 95 80 52 58 23 31 16 8 9 9 5 4 2 2 0 1 0 0 0 0 0 0 0 0 0 0 0 0 0 0 0 0 0 0 0 0 0 0 0 0
0 0 0 0 0 0 0 0 0 0 0 0 0 0 0 0 0 0 284 327 329 326 285 285 261 273 269 282 289 241 309 307 244 299 301 327 324 350 344 322 349 411 336 372 387 355 383 440 422 469 474 469 452 478 465 508 547 560 515 535 533 548 541 539 574 547 530 534 479 512 504 494 486 481 442 384 345 324 315 247 245 193 199 183 130 136 125 87 89 63 44 41 32 25 24 14 17 5 6 4 1 1 3 0 0 0 0 0 0 0 0 0 0 0 0 0 0 0 0 0 0 0 0 0 0 0 0 0 0 0
0 0 0 0 0 0 0 0 0 0 0 0 0 0 0 0 0 0 497 566 561 512 532 546 522 531 544 560 596 556 637 631 667 653 653 695 680 684 656 683 725 706 715 704 698 674 699 676 756 807 879 823 754 828 814 893 991 990 1088 1117 1133 1143 1148 1226 1128 1135 1159 1189 1105 1097 1058 1019 1040 1079 938 716 753 734 652 569 512 425 428 376 315 326 249 206 189 161 144 121 80 59 48 36 29 20 11 6 5 1 2 1 0 1 0 0 0 0 1 0 0 0 0 0 0 0 0 0 0 0 0 0 0 0 0 0 0 0
0 0 0 0 0 0 0 0 0 0 0 0 0 0 0 0 0 0 1772 2065 2065 1881 1947 1866 1865 1923 1894 2069 2056 2066 2228 2405 2264 2310 2350 2342 2306 2394 2426 2408 2350 2388 2262 2255 2295 2158 2331 2253 2567 2615 2761 2646 2622 2680 2715 2893 3117 3130 2969 3059 3085 3003 2866 2887 2842 2682 2597 2442 2313 2113 2077 1942 1924 1821 1619 1239 1219 1178 1128 931 893 778 720 674 595 529 458 428 335 253 222 154 144 113 62 50 36 32 19 11 9 7 3 3 1 1 1 0 0 0 0 0 0 0 0 1 0 0 1 0 49 0 0 0 0 0 0 0 0 0
0 0 0 0 0 0 0 0 0 0 0 0 0 0 0 0 0 0 151 179 196 165 136 131 143 160 161 147 195 162 227 201 251 217 213 259 239 250 234 232 223 237 221 214 244 236 280 266 263 267 311 307 312 278 332 325 372 376 411 412 382 402 415 341 343 369 314 292 324 292 267 240 246 257 190 161 179 160 154 126 94 80 82 50 53 45 40 27 30 19 17 18 8 7 7 7 5 1 0 0 0 0 0 0 0 1 0 0 0 0 0 0 0 0 0 0 0 0 0 0 0 0 0 0 0 0 0 0 0 0
0 0 0 0 0 0 0 0 0 0 0 0 0 0 0 0 0 0 201 218 207 185 186 180 208 208 154 190 225 210 246 253 285 252 269 282 278 279 348 320 344 313 328 351 307 338 356 350 372 397 417 420 441 452 427 448 489 573 542 534 585 598 580 628 624 684 604 561 556 562 523 478 452 507 410 289 292 283 258 195 165 151 146 120 119 91 74 73 51 71 34 41 28 25 13 15 10 1 2 3 5 0 1 0 0 0 0 0 0 0 0 0 0 0 0 0 0 0 0 0 0 0 0 0 0 0 0 0 0 0
0 0 0 0 0 0 0 0 0 0 0 0 0 0 0 0 0 0 1021 1120 1122 986 1042 952 964 942 936 996 999 1015 1083 1115 1078 1109 1081 1238 1146 1067 1137 1183 1244 1234 1250 1261 1246 1300 1388 1416 1534 1755 1834 1739 1784 1759 1718 1750 1863 1871 1848 1963 1804 1804 1830 1838 1749 1736 1703 1558 1531 1492 1466 1358 1425 1508 1295 1007 1010 973 914 772 699 653 569 513 437 386 340 275 245 191 151 152 112 73 51 41 33 26 9 9 0 2 2 0 0 1 0 0 0 0 0 0 0 0 0 0 0 0 0 0 0 0 0 0 0 0 0 0 0 0
0 0 0 0 0 0 0 0 0 0 0 0 0 0 0 0 0 0 51 74 55 56 60 42 54 41 47 42 63 52 48 57 53 45 53 53 50 68 57 69 63 51 69 71 62 82 76 89 95 82 107 83 106 100 100 116 107 117 136 120 118 133 154 154 150 146 170 143 150 147 129 139 144 145 125 93 85 97 116 69 68 55 63 51 38 38 38 36 28 23 13 11 19 11 4 7 3 0 3 0 0 2 0 0 0 0 0 0 0 0 0 0 0 0 0 0 0 0 0 0 0 0 0 0 0 0 0 0 0 0
0 0 0 0 0 0 0 0 0 0 0 0 0 0 0 0 0 0 275 319 344 300 321 248 261 236 252 271 287 264 298 299 268 310 284 306 308 281 329 312 338 324 344 359 359 368 366 417 395 497 531 491 449 488 508 491 563 545 517 507 546 499 528 495 533 464 516 451 503 462 456 401 414 451 401 301 321 298 278 263 239 190 193 193 149 133 123 95 74 74 59 35 36 23 18 19 10 6 7 0 1 4 0 0 0 0 0 0 0 0 0 0 0 1 0 0 0 0 0 0 0 0 0 0 0 0 0 0 0 0
0 0 0 0 0 0 0 0 0 0 0 0 0 0 0 0 0 0 271 281 321 259 285 300 217 246 213 213 253 282 242 248 272 278 283 262 285 282 292 293 281 290 276 314 299 296 311 337 343 380 411 365 364 369 397 402 435 476 457 528 460 459 480 502 471 489 472 464 434 429 409 381 446 455 356 312 262 301 252 221 200 157 164 138 139 124 99 92 72 74 56 40 32 22 26 14 12 7 2 1 1 1 0 0 0 0 0 0 0 0 0 0 0 0 0 0 0 0 0 1 0 0 0 0 0 0 0 0 0 0
0 0 0 0 0 0 0 0 0 0 0 0 0 0 0 0 0 0 2297 3025 2855 2893 2699 2935 3130 3370 3530 3934 3993 4184 4353 4185 4034 3779 3689 3467 3320 3186 3173 2966 2990 2891 2723 2702 2597 2545 2489 2534 2557 2783 3010 2640 2557 2643 2415 2584 2759 2835 2857 2911 2791 2698 2733 2858 2798 2732 2619 2629 2606 2489 2287 2251 2119 2129 1885 1484 1400 1404 1219 1049 922 835 704 661 576 538 458 358 329 315 250 215 188 155 109 101 77 59 43 21 14 10 5 2 1 0 0 0 1 0 1 0 0 0 0 0 0 0 0 0 0 0 0 0 0 0 0 0 0 0
0 0 0 0 0 0 0 0 0 0 0 0 0 0 0 0 0 0 231 306 297 258 228 247 247 265 268 288 270 294 296 342 301 331 295 298 289 327 301 345 337 369 345 365 322 356 326 352 355 453 444 434 426 459 450 482 556 528 545 577 574 541 590 554 577 582 609 576 540 491 486 473 442 439 348 331 305 315 238 216 184 181 175 168 109 122 110 92 94 55 58 35 39 26 29 19 11 9 5 1 1 3 0 0 0 0 1 0 0 0 0 0 1 0 0 0 0 0 0 0 0 0 0 0 0 0 0 0 0 0
0 0 0 0 0 0 0 0 0 0 0 0 0 0 0 0 0 0 2839 3203 3245 3004 2809 2638 2519 2653 2679 2685 2917 3013 3200 2952 2945 3004 2856 2944 2840 2810 2829 2801 2822 2868 2844 2943 2778 2835 2921 3070 3138 3489 3725 3578 3601 3435 3534 3569 3759 3937 3999 3939 3874 3838 3859 3767 3798 3579 3558 3386 3320 3407 2970 3000 2953 3063 2535 2068 1980 1954 1898 1534 1435 1254 1211 1070 904 904 736 697 581 519 403 329 267 225 185 141 87 69 39 33 21 10 10 3 2 1 1 0 0 0 0 0 1 0 0 0 0 0 0 0 196 0 0 0 0 0 0 0 0 0
0 0 0 0 0 0 0 0 0 0 0 0 0 0 0 0 0 0 450 477 486 439 383 400 380 419 466 447 472 478 532 481 517 540 491 517 548 550 546 555 582 560 528 547 568 571 627 613 669 739 789 765 736 720 742 761 814 825 758 857 821 827 773 742 708 733 723 700 676 646 608 558 564 572 482 390 365 362 356 256 204 219 196 142 149 117 93 84 94 61 52 33 38 16 22 5 12 6 5 2 4 4 1 1 0 0 0 0 0 0 0 0 0 0 0 0 0 0 0 0 0 0 0 0 0 0 0 0 0 0
0 0 0 0 0 0 0 0 0 0 0 0 0 0 0 0 0 0 1228 1408 1358 1312 1285 1304 1276 1285 1314 1433 1571 1636 1755 1687 1684 1761 1746 1777 1648 1627 1807 1679 1735 1775 1763 1833 1708 1839 1956 2071 2272 2362 2377 2336 2245 2211 2283 2221 2360 2375 2277 2373 2356 2200 2177 2139 2180 2101 2006 1861 1885 1823 1740 1674 1618 1772 1520 1174 1127 1143 1027 839 754 680 634 582 472 461 427 332 281 210 187 156 103 102 65 36 31 20 22 14 5 3 2 4 0 0 1 0 0 0 0 0 0 0 0 0 0 0 0 0 0 0 0 0 0 0 0 0 0 0
0 0 0 0 0 0 0 0 0 0 0 0 0 0 0 0 0 0 59 65 61 45 63 51 53 57 64 58 81 56 66 73 64 82 89 84 69 88 80 70 69 83 57 64 87 68 86 72 86 124 117 112 122 115 117 127 123 152 155 165 141 153 150 136 130 112 141 125 104 88 98 91 108 83 106 62 73 72 66 46 43 47 36 37 25 21 24 26 9 13 15 8 3 9 3 4 1 2 1 1 2 1 0 0 0 0 1 0 0 0 0 0 0 0 0 0 0 0 0 0 0 0 0 0 0 0 0 0 0 0
0 0 0 0 0 0 0 0 0 0 0 0 0 0 0 0 0 0 55 47 62 70 53 45 41 50 47 46 55 59 47 67 44 45 41 53 63 57 59 68 59 60 69 72 53 58 60 59 67 75 78 66 81 100 77 110 107 76 73 105 100 86 99 87 87 114 113 99 87 91 75 90 96 94 61 68 54 70 59 45 41 45 33 40 38 26 30 21 20 9 8 8 7 7 5 3 2 0 0 0 0 1 0 0 0 0 0 0 0 0 0 0 0 0 0 0 0 0 0 0 0 0 0 0 0 0 0 0 0 0
0 0 0 0 0 0 0 0 0 0 0 0 0 0 0 0 0 0 351 421 394 357 363 299 288 332 331 346 406 393 395 423 398 426 428 431 415 427 446 408 431 441 465 507 450 495 527 546 539 592 703 670 593 650 643 690 747 722 693 701 692 686 671 687 612 542 607 536 541 528 496 536 456 449 390 338 318 318 296 225 202 161 190 172 133 125 104 95 72 73 42 38 35 27 24 13 14 4 3 1 3 0 1 1 0 0 0 0 0 0 0 0 0 0 0 0 0 0 0 0 1 0 0 0 0 0 0 0 0 0
0 0 0 0 0 0 0 0 0 0 0 0 0 0 0 0 0 0 108 146 129 118 124 112 112 113 148 136 129 143 138 126 151 143 127 126 135 152 117 140 134 142 155 141 145 159 169 152 172 190 210 205 212 211 229 249 237 229 234 245 235 221 237 265 251 237 230 225 215 216 209 207 219 191 153 150 131 139 112 108 91 81 68 57 56 47 44 40 33 20 25 23 20 14 9 4 5 5 5 1 1 0 0 0 0 1 0 0 0 0 0 0 0 0 0 0 0 0 0 0 0 0 0 0 0 0 0 0 0 0
0 0 0 0 0 0 0 0 0 0 0 0 0 0 0 0 0 0 96 125 111 102 124 96 97 91 95 104 100 118 100 105 92 101 93 104 112 118 124 107 114 109 119 102 135 130 136 126 131 153 139 140 124 139 135 151 183 182 200 195 173 208 206 207 222 170 199 202 181 168 171 155 151 147 134 95 94 99 74 69 66 62 57 54 46 48 33 21 18 23 21 8 7 7 7 6 5 2 1 0 1 0 0 0 0 0 0 0 0 0 0 0 0 0 0 0 0 0 0 0 0 0 0 0 0 0 0 0 0 0
0 0 0 0 0 0 0 0 0 0 0 0 0 0 0 0 0 0 3890 4720 4886 4660 4495 4143 4003 3922 3847 3962 4041 3971 4105 4236 4028 4111 4098 4165 3980 4082 4325 4271 4413 4384 4223 4335 4274 4263 4350 4457 4781 5191 5661 5430 5142 5096 5048 5169 5251 5513 5314 5339 5314 5145 5212 5008 5028 4717 4668 4641 4403 4240 4077 4018 3911 4002 3500 2905 2550 2655 2483 2046 1851 1687 1600 1386 1263 1189 1031 844 764 638 549 464 392 312 201 158 115 86 50 40 21 15 8 6 3 1 1 0 0 0 0 0 0 0 1 0 0 0 0 0 365 0 0 0 0 0 0 0 0 0
0 0 0 0 0 0 0 0 0 0 0 0 0 0 0 0 0 0 273 307 282 260 221 229 224 220 264 287 272 271 301 313 331 285 277 303 327 300 335 353 348 348 340 344 329 332 341 351 379 402 453 439 429 455 446 527 553 532 557 626 554 576 570 574 558 581 598 553 541 508 494 467 456 441 380 305 289 284 259 223 239 202 192 150 129 135 124 98 88 63 61 56 45 35 35 21 8 8 9 7 4 1 1 2 0 0 0 0 0 0 0 0 0 0 0 0 0 0 0 0 59 0 0 0 0 0 0 0 0 0
0 0 0 0 0 0 0 0 0 0 0 0 0 0 0 0 0 0 712 855 803 733 712 720 724 747 741 757 862 816 922 929 902 934 914 946 989 963 981 999 1002 966 923 971 939 874 1031 1023 1060 1147 1124 1124 1091 1097 1101 1163 1222 1181 1117 1147 1123 1084 1021 1076 1026 920 925 949 859 827 856 779 766 793 677 516 514 528 458 429 347 319 302 244 228 211 190 124 107 85 73 64 45 40 33 17 17 6 7 4 2 2 2 2 0 0 0 0 0 0 0 0 0 0 0 0 0 0 0 0 1 0 0 0 0 0 0 0 0 0
0 0 0 0 0 0 0 0 0 0 0 0 0 0 0 0 0 0 331 330 339 332 346 355 364 337 390 376 381 432 405 420 461 508 442 479 463 475 454 422 436 404 482 429 444 494 502 471 524 602 590 602 596 619 622 621 738 738 744 715 791 727 806 784 785 772 769 801 771 810 736 665 727 778 650 563 499 510 467 429 366 321 316 277 247 222 168 165 155 118 75 77 55 39 39 23 22 10 8 6 7 3 0 0 0 0 0 0 0 0 0 0 0 0 0 0 0 0 0 0 0 0 0 0 0 0 0 0 0 0
0 0 0 0 0 0 0 0 0 0 0 0 0 0 0 0 0 0 634 662 626 587 615 576 581 590 587 629 658 739 793 785 789 771 801 838 836 861 824 808 814 840 829 855 880 852 861 913 911 1028 1086 1085 1091 1026 1039 1102 1203 1179 1330 1320 1324 1380 1299 1394 1449 1439 1446 1521 1519 1557 1436 1468 1479 1597 1371 1067 1141 1130 1045 933 817 688 626 501 504 477 406 307 300 283 221 170 128 131 82 68 44 34 23 16 12 7 1 6 1 0 0 0 0 0 0 0 0 0 0 0 0 0 0 0 61 0 0 0 0 0 0 0 0 0
0 0 0 0 0 0 0 0 0 0 0 0 0 0 0 0 0 0 86 109 108 104 105 79 97 108 87 101 101 115 132 152 127 112 146 145 118 134 134 139 148 151 134 162 138 122 144 130 171 138 167 172 152 193 182 226 206 219 229 214 263 259 236 290 258 239 246 257 236 222 200 183 187 176 170 149 151 111 130 94 76 85 79 79 66 51 41 39 43 29 20 18 20 18 10 7 5 5 3 3 1 0 0 0 0 0 0 0 0 0 0 0 0 0 0 0 0 0 0 0 1 0 0 0 0 0 0 0 0 0
0 0 0 0 0 0 0 0 0 0 0 0 0 0 0 0 0 0 261 265 265 270 240 233 259 224 274 270 331 319 338 392 387 341 393 369 384 379 397 361 397 428 388 402 362 358 395 362 444 461 474 411 388 381 400 442 482 443 449 474 433 418 442 431 402 362 345 342 334 294 315 266 247 238 189 168 137 124 123 98 95 97 74 72 68 52 46 28 34 24 17 19 15 10 14 5 3 2 1 1 1 2 0 1 0 0 0 0 0 0 0 0 0 0 0 0 0 0 0 0 0 0 0 0 0 0 0 0 0 0
0 0 0 0 0 0 0 0 0 0 0 0 0 0 0 0 0 0 22 28 23 18 25 21 24 27 23 16 23 28 16 28 18 25 27 24 29 26 25 26 22 27 24 29 36 32 43 41 30 37 48 41 43 47 49 42 43 48 57 58 54 53 73 63 76 51 67 77 71 58 55 57 44 58 36 29 30 33 25 23 25 21 11 19 13 13 9 11 8 5 1 4 3 2 2 2 1 1 0 0 0 0 0 0 0 0 0 0 0 0 0 0 0 0 0 0 0 0 0 0 0 0 0 0 0 0 0 0 0 0
0 0 0 0 0 0 0 0 0 0 0 0 0 0 0 0 0 0 1374 1489 1379 1202 1272 1149 1132 1096 1138 1167 1213 1226 1342 1359 1308 1368 1357 1401 1418 1402 1484 1489 1587 1504 1530 1736 1661 1647 1791 1926 1905 2222 2338 2182 2077 1985 2183 2150 2195 2190 2173 2229 2029 2070 1994 1963 1825 1726 1661 1621 1597 1576 1459 1474 1415 1614 1304 1019 1021 981 934 773 646 591 553 499 443 411 355 260 257 180 139 130 112 67 58 45 30 16 9 6 8 6 0 0 0 0 0 0 0 0 0 0 0 0 0 0 0 0 0 0 0 0 0 0 0 0 0 0 0 0
0 0 0 0 0 0 0 0 0 0 0 0 0 0 0 0 0 0 136 158 143 165 148 151 150 142 129 132 167 160 150 158 162 148 186 162 182 163 193 187 215 196 218 228 204 182 226 199 243 244 251 252 255 234 291 264 331 331 298 374 335 355 329 340 343 330 369 399 385 352 318 364 354 369 287 219 234 224 221 176 158 154 146 126 107 82 57 50 55 52 52 31 23 14 11 11 9 6 4 4 2 2 0 1 0 0 0 0 0 0 0 0 0 0 0 0 0 0 0 0 0 0 0 0 0 0 0 0 0 0
0 0 0 0 0 0 0 0 0 0 0 0 0 0 0 0 0 0 378 621 729 666 518 335 283 239 228 236 229 239 262 253 233 255 231 250 234 253 270 259 286 229 282 268 255 249 304 242 314 258 318 343 286 298 318 286 343 386 346 358 400 413 380 396 384 398 409 420 381 375 406 397 397 404 363 278 255 281 245 200 145 158 153 119 95 75 67 58 50 44 37 32 25 16 14 5 6 8 4 2 1 1 1 1 0 0 0 0 0 0 0 0 0 0 0 0 0 0 0 0 0 0 0 0 0 0 0 0 0 0
0 0 0 0 0 0 0 0 0 0 0 0 0 0 0 0 0 0 1552 1782 1497 1486 1404 1289 1290 1269 1296 1382 1417 1526 1723 1748 1679 1704 1755 1736 1726 1834 1814 1912 1972 1910 1989 2104 1983 2017 2096 2058 2295 2462 2547 2394 2321 2183 2148 2257 2294 2211 2253 2143 2039 2040 1949 1895 1818 1720 1722 1692 1674 1655 1392 1431 1425 1464 1240 1048 1006 937 809 680 622 527 477 444 353 297 242 187 176 153 112 88 87 58 39 27 22 16 14 7 6 3 1 2 0 0 0 0 0 0 0 0 0 0 0 0 0 0 0 0 8 0 0 0 0 0 0 0 0 0
0 0 0 0 0 0 0 0 0 0 0 0 0 0 0 0 0 0 52 64 55 42 46 53 44 44 45 55 53 50 56 81 58 47 58 74 58 68 66 69 80 66 74 71 71 55 69 61 82 93 82 86 97 104 93 121 123 121 122 142 131 115 142 132 155 162 107 123 124 120 94 99 109 102 106 71 68 56 59 50 60 39 42 35 31 33 31 16 21 21 11 3 10 7 5 5 2 3 3 1 2 1 1 0 0 0 0 0 0 0 0 0 0 0 0 0 0 0 0 0 0 0 0 0 0 0 0 0 0 0
0 0 0 0 0 0 0 0 0 0 0 0 0 0 0 0 0 0 360 395 403 358 362 339 309 367 361 370 365 398 429 391 425 386 418 377 384 375 421 413 422 402 424 419 395 362 407 401 459 504 573 516 502 499 513 543 603 587 599 589 589 562 575 590 560 581 555 540 524 518 452 438 438 481 398 324 347 333 313 254 215 194 182 169 151 115 108 108 81 55 69 41 43 32 19 18 11 5 7 4 1 4 1 0 0 0 0 0 0 0 0 0 0 0 0 0 0 0 0 0 0 0 0 0 0 0 0 0 0 0
0 0 0 0 0 0 0 0 0 0 0 0 0 0 0 0 0 0 284 339 299 285 328 279 299 272 274 314 305 318 306 333 333 337 332 327 322 323 340 365 374 369 383 368 389 389 403 454 398 436 500 478 445 472 482 531 596 609 651 661 584 646 638 637 632 624 639 584 566 570 491 532 515 474 448 369 374 336 294 274 220 211 205 203 179 174 154 110 107 94 63 65 39 44 25 22 17 8 3 7 2 2 0 1 1 0 0 0 0 0 0 0 0 0 0 0 0 0 0 0 0 0 0 0 0 0 0 0 0 0
0 0 0 0 0 0 0 0 0 0 0 0 0 0 0 0 0 0 553 608 620 533 527 481 509 498 555 477 535 526 628 636 680 625 654 659 672 745 683 667 682 763 792 796 778 786 822 832 981 1115 1055 1023 1009 963 991 1007 1127 1104 1063 1142 1032 989 1011 1081 987 964 931 884 921 886 802 844 768 907 757 557 540 557 497 445 364 339 291 214 207 185 168 142 105 88 80 55 44 29 26 16 11 7 4 2 3 1 1 0 0 1 0 0 0 0 0 0 0 0 0 0 0 0 0 0 0 0 0 0 0 0 0 0 0 0
0 0 0 0 0 0 0 0 0 0 0 0 0 0 0 0 0 0 159 210 157 177 186 163 153 150 171 154 205 188 188 201 205 201 208 222 223 206 218 254 246 237 222 214 242 220 230 248 219 312 315 269 294 304 293 325 390 412 385 398 407 457 499 442 451 481 516 493 563 523 486 482 491 509 437 391 400 368 356 282 269 242 205 183 165 135 129 115 78 79 63 42 40 28 19 19 10 8 4 6 1 3 2 1 0 0 0 0 0 0 0 0 0 0 0 0 0 0 0 0 0 0 0 0 0 0 0 0 0 0
0 0 0 0 0 0 0 0 0 0 0 0 0 0 0 0 0 0 128 159 174 149 172 123 146 137 138 151 140 149 178 167 191 215 186 172 180 176 197 177 204 177 177 199 193 192 203 221 211 238 226 214 216 238 198 222 238 245 257 242 281 223 271 271 286 236 273 289 245 242 222 237 254 240 215 168 167 176 134 118 114 81 71 75 73 49 46 44 35 23 15 12 12 13 9 4 0 4 3 4 1 0 1 0 0 0 0 0 0 0 0 0 0 0 0 0 0 0 0 0 0 0 0 0 0 0 0 0 0 0
0 0 0 0 0 0 0 0 0 0 0 0 0 0 0 0 0 0 110 151 127 134 117 121 116 113 117 147 122 132 124 133 123 143 152 160 135 139 128 164 157 145 148 177 150 148 159 184 180 202 219 203 203 226 225 235 243 265 233 260 260 287 268 287 303 291 268 273 297 259 255 232 252 255 230 182 167 185 140 122 104 92 99 84 90 71 71 58 46 34 30 26 16 19 14 9 7 6 3 3 3 0 1 0 0 0 0 0 0 0 0 0 0 0 0 0 0 0 0 0 0 0 0 0 0 0 0 0 0 0
0 0 0 0 0 0 0 0 0 0 0 0 0 0 0 0 0 0 222 239 211 248 241 237 232 227 239 247 254 261 273 273 282 296 249 269 264 268 301 326 275 329 309 353 316 324 380 387 360 420 410 406 388 402 404 468 460 426 500 497 498 506 461 523 522 513 481 479 467 465 431 407 445 402 358 288 280 255 261 209 188 177 144 144 124 119 89 84 77 57 41 33 29 20 13 13 10 3 5 2 1 0 1 0 0 0 0 0 0 0 0 0 0 0 0 0 0 0 0 0 0 0 0 0 0 0 0 0 0 0
0 0 0 0 0 0 0 0 0 0 0 0 0 0 0 0 0 0 84 101 103 109 86 95 96 93 101 89 113 76 92 120 121 83 112 106 103 103 87 134 107 121 122 140 110 154 127 134 146 162 149 150 183 153 155 157 181 183 166 170 201 194 197 199 189 174 214 217 230 217 183 209 227 187 174 131 133 119 126 104 103 78 78 64 57 55 55 26 38 35 40 18 19 10 14 5 4 3 0 1 1 0 0 0 0 0 0 0 0 0 0 0 0 0 0 0 0 0 0 0 0 0 0 0 0 0 0 0 0 0
0 0 0 0 0 0 0 0 0 0 0 0 0 0 0 0 0 0 7029 8122 7873 7539 8226 8517 9377 9697 10415 10707 11109 11195 11719 11558 11158 10669 10718 10532 10191 10171 10379 10338 10158 10038 9744 10111 9730 9804 10132 9670 10325 11325 11639 10954 10360 10076 9744 9777 10223 9991 9872 9761 9426 9035 8901 8765 8245 7674 7540 7182 6864 6532 6189 5930 6064 5990 5049 4127 3934 3802 3405 3077 2570 2281 2044 1926 1714 1582 1305 1117 1000 844 807 565 495 352 278 220 163 120 90 53 30 20 10 6 5 2 0 1 0 2 0 0 1 0 0 0 1 0 0 0 0 0 0 0 0 0 0 0 0 0
0 0 0 0 0 0 0 0 0 0 0 0 0 0 0 0 0 0 92 89 89 96 97 87 72 88 87 99 96 106 106 110 112 88 92 114 98 101 110 107 78 111 104 119 134 104 127 125 125 156 141 159 171 169 152 176 156 194 193 170 182 186 188 179 185 198 195 206 194 212 187 170 182 181 149 151 168 126 127 95 97 71 68 62 64 46 43 45 21 34 24 19 15 16 8 6 4 3 2 0 1 0 0 1 0 0 0 0 0 0 0 0 0 0 0 0 0 0 0 0 0 0 0 0 0 0 0 0 0 0
0 0 0 0 0 0 0 0 0 0 0 0 0 0 0 0 0 0 133 166 149 142 166 122 129 129 122 122 125 133 132 151 131 137 134 127 139 130 121 132 145 162 160 178 173 180 170 192 207 215 219 224 241 238 230 233 257 270 280 269 269 290 303 299 293 329 310 295 255 268 260 259 235 253 234 152 161 193 147 125 116 91 92 73 59 67 60 45 37 34 20 24 11 19 5 5 3 2 4 1 1 0 1 0 0 0 0 0 0 0 0 0 0 0 0 0 0 0 0 0 0 0 0 0 0 0 0 0 0 0
0 0 0 0 0 0 0 0 0 0 0 0 0 0 0 0 0 0 590 598 682 529 562 527 435 450 522 535 630 626 657 759 717 789 781 837 855 823 846 774 753 783 723 747 755 746 832 762 838 878 908 866 850 911 938 928 1013 1075 1109 1084 1138 1090 1117 1166 1147 1181 1214 1112 1201 1072 1095 1089 1238 1229 1064 887 929 927 854 733 635 612 528 511 422 419 355 268 304 220 222 147 140 114 84 78 53 41 15 19 9 2 6 0 0 0 0 0 0 0 0 0 0 0 0 0 0 0 0 0 0 0 0 0 0 0 0 0 0 0
0 0 0 0 0 0 0 0 0 0 0 0 0 0 0 0 0 0 630 691 677 644 621 594 583 601 606 585 592 648 677 663 646 653 615 599 685 645 668 693 713 749 679 808 723 773 819 885 845 922 1011 963 909 961 978 1021 1039 1077 1145 1153 1069 1049 1032 1081 1100 1053 1099 1002 980 960 868 939 871 892 769 615 592 544 520 450 380 348 303 273 228 213 184 147 128 115 92 80 56 49 50 30 26 17 5 11 5 3 2 0 1 1 0 0 0 0 0 0 0 0 0 0 0 0 0 0 0 0 0 0 0 0 0 0 0 0
0 0 0 0 0 0 0 0 0 0 0 0 0 0 0 0 0 0 68 85 96 88 80 69 65 70 91 85 100 101 99 117 85 97 98 89 106 105 100 98 98 110 99 106 118 93 110 140 125 164 148 161 183 144 181 183 237 214 245 244 209 256 248 282 256 255 266 268 246 223 204 200 218 189 188 160 174 151 142 113 103 101 81 89 61 50 50 50 34 34 32 17 16 12 18 9 7 10 3 2 4 3 0 1 1 0 0 0 0 0 0 0 0 0 0 0 0 0 0 0 1 0 0 0 0 0 0 0 0 0
0 0 0 0 0 0 0 0 0 0 0 0 0 0 0 0 0 0 796 908 908 859 949 918 893 957 1020 1052 1046 1083 1139 1203 1323 1295 1325 1310 1256 1226 1269 1252 1182 1206 1160 1193 1068 1042 1131 1155 1134 1333 1238 1199 1153 1215 1259 1317 1449 1430 1457 1503 1501 1424 1414 1474 1439 1295 1274 1173 1189 1065 1052 932 898 920 775 577 580 578 483 491 413 389 386 311 293 240 201 169 159 107 102 79 52 48 20 25 20 13 3 2 3 1 0 1 0 0 0 0 0 0 0 0 0 0 0 0 0 0 0 0 0 0 0 0 0 0 0 0 0 0
0 0 0 0 0 0 0 0 0 0 0 0 0 0 0 0 0 0 1272 1724 1938 1989 1911 1741 1568 1487 1436 1306 1310 1268 1226 1231 1186 1130 1196 1164 1162 1200 1227 1223 1264 1235 1335 1275 1283 1223 1312 1243 1308 1367 1576 1550 1488 1438 1365 1460 1417 1522 1427 1452 1484 1412 1475 1423 1454 1434 1478 1400 1360 1304 1226 1228 1089 1125 922 834 726 701 629 500 501 380 353 349 297 281 247 194 173 134 122 105 88 62 55 39 26 22 22 10 12 3 4 1 1 0 0 1 0 0 0 0 0 0 0 0 0 0 0 1 1 0 0 0 0 0 0 0 0 0
0 0 0 0 0 0 0 0 0 0 0 0 0 0 0 0 0 0 44 60 50 42 60 50 51 53 57 41 63 78 60 71 67 62 70 80 71 80 81 69 68 62 60 69 70 64 78 67 72 101 118 92 103 115 109 133 149 147 174 189 170 197 211 202 205 218 220 188 210 191 194 207 198 217 175 135 115 142 132 98 91 83 68 68 47 43 41 45 35 34 27 21 10 14 4 6 3 3 0 0 0 1 0 0 0 0 0 0 0 0 0 0 0 0 0 0 0 0 0 0 0 0 0 0 0 0 0 0 0 0
0 0 0 0 0 0 0 0 0 0 0 0 0 0 0 0 0 0 292 310 309 273 221 216 222 237 218 212 259 272 260 264 251 247 267 261 266 274 290 284 313 298 322 338 350 371 365 345 390 433 407 413 446 407 428 477 502 504 554 513 571 567 592 615 595 643 583 581 662 578 585 528 575 593 525 452 395 406 378 311 266 224 231 185 156 105 117 101 117 83 56 50 36 33 26 9 12 9 6 5 2 1 1 0 0 0 0 0 0 0 0 0 0 0 0 0 0 0 0 6 0 0 0 0 0 0 0 0 0 0
0 0 0 0 0 0 0 0 0 0 0 0 0 0 0 0 0 0 208 270 292 256 239 219 193 225 238 225 223 257 269 262 281 304 296 261 278 273 285 290 279 273 294 283 259 268 249 277 279 346 327 319 322 331 334 382 403 378 407 457 447 424 440 395 435 429 400 400 322 343 324 337 325 322 284 253 269 227 192 163 138 143 139 104 87 73 69 68 66 52 37 34 21 16 18 11 10 6 5 4 2 0 0 0 0 0 1 0 0 0 0 0 0 0 0 0 0 0 0 0 0 0 0 0 0 0 0 0 0 0
0 0 0 0 0 0 0 0 0 0 0 0 0 0 0 0 0 0 397 454 381 333 336 296 302 313 307 305 342 369 370 419 396 421 451 457 467 489 518 612 570 548 549 533 537 570 550 590 608 721 655 689 647 638 662 615 741 682 709 777 669 705 703 684 713 691 701 639 659 626 598 556 563 584 482 394 387 367 339 279 240 193 209 164 140 131 139 96 89 70 70 46 37 24 20 19 12 10 5 3 3 3 1 1 0 0 0 0 0 0 0 0 0 0 0 0 0 0 0 0 0 0 0 0 0 0 0 0 0 0
0 0 0 0 0 0 0 0 0 0 0 0 0 0 0 0 0 0 51 60 68 49 60 47 61 44 50 57 54 68 69 81 75 88 83 81 76 83 89 78 83 93 108 103 80 88 99 77 74 114 113 112 121 137 124 147 135 158 166 140 158 167 183 184 185 177 205 170 176 160 145 150 168 176 159 124 113 138 119 106 88 62 67 66 50 53 40 21 25 21 19 14 5 8 4 6 5 4 5 2 0 1 0 0 0 0 0 0 0 0 0 0 0 0 0 0 0 0 0 0 0 0 0 0 0 0 0 0 0 0
0 0 0 0 0 0 0 0 0 0 0 0 0 0 0 0 0 0 236 252 237 214 247 232 232 238 242 275 227 241 288 282 258 253 268 269 285 252 237 272 312 297 285 266 309 318 347 338 389 457 396 412 398 354 385 422 469 476 453 499 459 502 506 498 508 504 419 461 454 374 369 367 371 376 335 287 252 232 221 197 165 134 138 132 104 92 94 79 49 45 35 37 30 18 12 12 10 3 3 7 2 1 1 1 0 0 0 0 0 0 0 0 0 0 0 0 0 0 0 0 0 0 0 0 0 0 0 0 0 0
0 0 0 0 0 0 0 0 0 0 0 0 0 0 0 0 0 0 1075 1576 1970 1871 1799 1523 1421 1358 1351 1287 1379 1383 1418 1381 1342 1381 1248 1399 1315 1314 1411 1308 1384 1396 1369 1413 1340 1297 1371 1367 1390 1556 1558 1511 1456 1429 1389 1403 1557 1458 1575 1502 1567 1488 1567 1497 1578 1488 1429 1431 1320 1337 1238 1240 1172 1156 992 761 732 723 644 542 499 489 388 356 315 318 242 210 195 144 127 109 88 61 50 33 27 15 16 8 2 3 2 0 0 0 1 0 0 0 0 0 0 0 0 0 0 0 0 0 4 0 0 0 0 0 0 0 0 0
0 0 0 0 0 0 0 0 0 0 0 0 0 0 0 0 0 0 97 120 103 112 107 103 90 74 112 104 103 92 101 116 118 105 112 117 112 118 146 122 122 135 127 145 135 149 157 154 174 169 200 207 183 205 206 200 230 228 233 290 263 256 273 269 261 274 299 294 309 294 270 279 262 307 266 195 190 196 229 187 142 165 129 115 111 89 91 61 59 53 51 39 32 33 21 17 12 10 1 8 2 2 1 0 1 0 0 0 0 0 0 0 0 0 0 0 0 0 0 0 0 0 0 0 0 0 0 0 0 0
0 0 0 0 0 0 0 0 0 0 0 0 0 0 0 0 0 0 826 1078 1003 923 889 868 826 787 807 860 883 894 939 921 938 992 933 897 916 866 940 985 948 1010 978 1072 972 1050 1106 1142 1255 1362 1475 1429 1392 1454 1431 1440 1550 1545 1477 1502 1550 1524 1442 1500 1473 1362 1356 1315 1276 1253 1180 1144 1226 1260 1056 901 891 842 778 619 577 461 445 389 375 332 278 215 214 163 142 111 74 64 49 28 23 13 8 9 6 4 1 1 0 0 0 0 0 0 0 0 0 0 0 0 0 0 0 0 40 0 0 0 0 0 0 0 0 0
0 0 0 0 0 0 0 0 0 0 0 0 0 0 0 0 0 0 194 242 236 216 209 216 208 192 223 214 229 241 258 276 244 234 246 235 240 262 243 254 307 294 288 297 290 302 342 359 381 383 413 364 406 359 408 404 446 473 424 423 447 455 413 460 425 421 413 406 401 396 365 372 368 341 340 258 227 230 229 190 169 156 139 128 90 106 90 66 50 50 38 36 29 16 10 14 5 6 7 1 0 4 0 2 0 1 0 0 0 0 0 0 0 0 0 0 0 0 0 0 1 0 0 0 0 0 0 0 0 0
0 0 0 0 0 0 0 0 0 0 0 0 0 0 0 0 0 0 533 703 660 634 625 524 485 482 511 488 506 518 556 546 569 539 538 578 581 587 639 627 631 635 736 751 679 692 784 764 787 892 899 855 873 924 869 900 935 979 969 996 1050 983 983 974 1026 1000 960 918 939 899 873 803 820 817 719 563 508 496 435 382 358 301 272 238 199 178 149 96 119 90 65 54 48 47 37 21 14 3 6 9 3 0 0 1 1 0 0 0 0 0 0 0 0 0 0 0 0 0 0 0 0 0 0 0 0 0 0 0 0 0
0 0 0 0 0 0 0 0 0 0 0 0 0 0 0 0 0 0 470 526 522 518 506 462 516 513 516 500 492 516 588 579 583 549 566 593 514 524 613 591 566 613 572 690 627 653 726 733 823 885 902 873 853 905 877 959 1017 943 1022 1004 1017 1048 1067 1022 1038 1022 1042 999 917 935 852 826 832 854 745 586 559 603 521 446 373 376 349 316 261 232 228 146 135 121 99 107 75 56 47 24 23 18 12 9 4 3 1 1 0 2 0 0 0 0 0 0 0 0 0 0 0 0 0 0 0 0 0 0 0 0 0 0 0 0
0 0 0 0 0 0 0 0 0 0 0 0 0 0 0 0 0 0 86 103 73 91 80 88 83 99 97 103 90 125 100 123 93 125 112 92 108 103 111 109 113 106 130 102 119 118 135 145 151 141 162 160 138 178 173 191 211 230 224 230 225 227 242 281 246 267 232 196 228 219 220 188 174 182 168 123 120 119 104 84 84 70 75 74 47 56 52 29 40 19 25 27 18 9 9 8 10 2 2 1 0 1 1 3 0 1 0 0 0 0 0 0 0 0 0 0 0 0 0 0 0 0 0 0 0 0 0 0 0 0
0 0 0 0 0 0 0 0 0 0 0 0 0 0 0 0 0 0 813 964 879 887 909 799 791 778 834 836 859 927 959 956 927 952 1000 939 975 981 986 993 1054 1017 993 1070 1001 994 1059 1109 1209 1352 1421 1301 1342 1384 1384 1424 1476 1537 1564 1608 1574 1613 1491 1495 1424 1547 1402 1356 1357 1294 1166 1209 1214 1218 1051 805 866 836 806 660 567 510 467 412 346 304 306 228 208 202 155 129 102 78 51 40 25 28 13 12 6 8 3 1 0 1 0 0 0 0 0 0 0 0 0 0 0 0 0 0 0 0 0 0 0 0 0 0 0 0
0 0 0 0 0 0 0 0 0 0 0 0 0 0 0 0 0 0 353 382 409 401 373 341 352 382 342 319 369 398 400 375 412 351 415 421 351 395 411 413 440 467 458 475 462 513 496 513 546 618 667 685 660 682 655 628 704 670 709 737 728 719 684 721 748 704 737 697 673 706 640 611 670 655 610 459 428 434 417 353 295 265 254 195 199 141 134 104 100 67 66 52 52 31 27 14 11 10 0 3 2 2 1 1 0 1 0 0 0 0 0 0 0 0 0 0 0 0 0 0 0 0 0 0 0 0 0 0 0 0
0 0 0 0 0 0 0 0 0 0 0 0 0 0 0 0 0 0 352 450 385 374 365 351 315 319 306 310 319 328 330 336 352 324 348 317 317 366 351 374 380 428 366 417 402 435 444 441 475 524 550 479 497 542 507 556 587 570 550 580 545 574 571 620 579 597 578 571 558 481 517 474 491 478 401 372 335 348 301 250 241 210 221 167 173 136 114 109 91 61 70 50 37 25 22 8 6 3 3 4 1 4 1 3 1 0 0 0 0 1 0 0 0 0 0 1 0 0 0 0 0 0 0 0 0 0 0 0 0 0
0 0 0 0 0 0 0 0 0 0 0 0 0 0 0 0 0 0 132 132 160 126 145 120 154 154 130 136 144 191 162 168 156 160 136 163 176 162 191 168 194 204 204 200 213 222 216 230 259 258 272 247 257 274 269 270 324 306 300 330 342 343 335 335 316 286 319 305 314 330 290 285 309 265 213 187 200 201 157 153 131 94 94 95 86 76 69 61 52 35 36 28 29 13 13 10 10 7 7 1 4 2 1 0 0 0 0 0 0 0 0 0 0 0 0 0 0 0 0 0 9 0 0 0 0 0 0 0 0 0
0 0 0 0 0 0 0 0 0 0 0 0 0 0 0 0 0 0 359 433 371 367 379 362 387 396 404 408 423 471 502 465 470 483 481 514 473 417 494 482 468 466 475 498 440 475 482 553 584 621 581 638 630 607 729 648 709 684 705 701 657 672 647 646 644 632 636 627 594 608 566 554 559 609 472 405 394 388 386 307 271 247 210 208 173 172 133 102 106 92 52 41 38 37 17 14 11 5 4 2 2 1 0 1 0 0 0 0 0 0 0 0 0 0 0 0 0 0 0 0 0 0 0 0 0 0 0 0 0 0
0 0 0 0 0 0 0 0 0 0 0 0 0 0 0 0 0 0 273 281 295 294 287 274 248 285 307 288 289 268 310 290 280 275 261 301 329 307 303 318 313 328 326 339 339 379 366 395 443 520 544 499 502 540 511 543 536 564 592 585 573 543 474 592 560 558 541 502 483 449 426 401 430 453 366 313 307 313 278 239 217 190 170 168 134 144 91 85 60 71 46 41 25 15 19 13 12 0 4 4 4 1 0 0 0 0 0 0 0 0 0 0 0 0 0 0 0 0 0 0 0 0 0 0 0 0 0 0 0 0
0 0 0 0 0 0 0 0 0 0 0 0 0 0 0 0 0 0 390 441 448 424 462 445 439 419 401 403 428 428 485 433 417 409 431 407 413 455 436 445 443 431 497 527 492 532 530 596 632 635 664 670 702 699 712 750 750 746 732 785 756 678 738 678 722 757 701 691 724 682 641 630 651 702 585 470 444 479 389 326 340 275 266 252 223 193 149 133 130 91 85 58 57 32 25 14 11 10 7 1 4 3 3 2 1 0 0 0 0 0 0 0 0 0 0 0 0 0 0 0 0 0 0 0 0 0 0 0 0 0
0 0 0 0 0 0 0 0 0 0 0 0 0 0 0 0 0 0 48 65 71 60 83 68 63 79 76 70 75 75 97 73 93 92 86 89 78 89 86 89 111 102 113 90 88 106 110 115 97 138 125 130 108 132 114 119 144 130 170 162 167 164 162 154 138 156 167 165 157 125 113 126 140 136 96 102 109 81 79 71 69 52 40 49 28 31 23 18 16 14 17 10 6 4 2 3 0 0 0 1 1 0 1 0 0 0 0 0 0 0 0 0 0 0 0 0 0 0 0 0 0 0 0 0 0 0 0 0 0 0
0 0 0 0 0 0 0 0 0 0 0 0 0 0 0 0 0 0 187 182 198 186 202 159 165 168 168 179 188 220 212 216 226 248 234 226 239 223 254 233 269 244 221 252 255 276 262 249 255 262 251 280 248 266 295 322 353 335 386 395 417 397 417 465 436 478 454 481 455 483 431 418 442 469 438 365 344 380 350 274 249 247 217 194 176 141 119 96 106 69 67 43 54 42 32 10 12 11 5 5 0 0 1 0 3 0 0 0 0 0 0 0 0 0 0 0 0 0 0 0 0 0 0 0 0 0 0 0 0 0
0 0 0 0 0 0 0 0 0 0 0 0 0 0 0 0 0 0 8 11 20 23 19 10 9 11 19 15 18 14 22 22 27 24 25 17 13 20 13 28 30 22 30 28 16 24 26 14 30 28 25 34 24 30 25 33 33 42 39 47 51 44 45 46 57 45 38 36 42 41 34 36 32 38 30 24 16 22 15 22 21 15 12 11 9 20 7 6 7 5 4 4 2 0 4 1 1 1 0 2 0 0 0 1 0 0 0 0 0 0 0 0 0 0 0 0 0 0 0 0 0 0 0 0 0 0 0 0 0 0
0 0 0 0 0 0 0 0 0 0 0 0 0 0 0 0 0 0 173 215 192 194 170 174 166 168 174 181 183 183 175 193 197 191 178 199 209 210 201 205 233 225 232 272 238 255 277 276 299 274 270 288 286 300 334 309 338 328 310 358 339 341 405 408 361 378 357 429 363 387 348 318 325 310 264 233 219 208 171 165 139 120 116 95 85 98 71 57 60 34 37 29 16 15 11 7 4 3 2 2 1 0 3 0 1 0 0 0 0 0 0 0 0 0 0 0 0 0 0 0 1 0 0 0 0 0 0 0 0 0
0 0 0 0 0 0 0 0 0 0 0 0 0 0 0 0 0 0 2430 2636 2315 2142 1940 1788 1615 1378 1401 1332 1282 1331 1486 1542 1531 1663 1664 1772 1780 1934 2074 2195 2345 2352 2391 2469 2663 2664 2689 2735 2961 3331 3508 3237 3102 2798 2878 2708 2818 2764 2559 2526 2445 2319 2178 2093 2014 1858 1821 1653 1674 1651 1476 1507 1599 1622 1315 1059 1088 1132 956 815 690 611 586 406 453 329 298 247 219 152 143 114 65 63 46 34 28 13 12 6 8 4 1 0 0 1 1 0 0 0 0 0 0 0 0 0 0 0 0 0 0 0 0 0 0 0 0 0 0 0
0 0 0 0 0 0 0 0 0 0 0 0 0 0 0 0 0 0 209 266 248 209 228 212 182 213 222 256 237 256 244 268 258 243 231 225 205 258 252 253 275 278 269 270 270 280 311 322 376 378 371 371 378 380 395 396 439 449 478 444 465 403 474 475 460 466 436 434 439 408 397 379 360 376 320 294 238 284 230 202 167 155 144 123 96 105 88 67 63 54 38 28 31 22 20 9 10 10 4 3 1 1 0 1 0 0 0 0 0 0 0 0 0 0 0 0 0 0 0 0 0 0 0 0 0 0 0 0 0 0
0 0 0 0 0 0 0 0 0 0 0 0 0 0 0 0 0 0 8851 9976 9975 9373 9625 9914 10000 9897 10154 10276 10341 10693 10955 10980 10860 10959 10772 10975 10769 10939 11525 11178 11477 11500 11694 11930 11754 11717 12053 11985 11968 12825 13674 12943 11703 11540 11535 11536 11673 11447 11285 11263 10762 10399 9847 9474 9400 8727 8585 8118 8001 7414 6914 6616 6632 6968 6037 4769 4530 4383 4054 3270 2928 2519 2476 2137 1946 1686 1462 1183 1150 988 797 605 522 413 331 234 182 125 75 64 30 20 19 8 4 5 2 1 1 0 0 0 0 0 0 0 0 0 0 0 1 0 0 0 0 0 0 0 0 0
0 0 0 0 0 0 0 0 0 0 0 0 0 0 0 0 0 0 63 107 86 70 79 74 59 92 90 109 88 107 110 112 111 113 123 102 111 115 95 110 132 118 120 109 103 100 121 141 131 144 142 160 176 163 159 207 208 230 197 259 253 239 275 233 262 269 282 254 241 239 236 215 198 250 186 182 152 149 130 117 86 72 90 77 54 61 61 36 37 34 24 22 19 18 17 5 7 2 2 4 3 1 0 1 0 0 0 0 0 0 0 0 0 0 0 0 0 0 0 0 0 0 0 0 0 0 0 0 0 0
0 0 0 0 0 0 0 0 0 0 0 0 0 0 0 0 0 0 44 50 62 42 49 62 53 52 55 52 66 73 83 63 59 41 67 51 60 80 63 59 59 70 63 78 71 60 63 75 83 98 103 112 105 117 92 127 114 124 126 141 138 130 150 140 183 158 173 140 162 136 144 115 137 113 113 95 88 91 95 59 57 53 49 55 63 37 33 28 25 16 19 20 15 6 7 4 5 2 1 2 1 0 0 0 0 0 0 0 0 0 0 0 0 0 0 0 0 0 0 0 0 0 0 0 0 0 0 0 0 0
0 0 0 0 0 0 0 0 0 0 0 0 0 0 0 0 0 0 885 1396 1759 1817 1318 887 639 517 487 388 374 390 392 350 314 310 388 383 360 368 376 358 389 357 353 342 374 340 346 357 334 409 442 391 393 382 433 397 414 449 453 497 499 451 468 524 549 488 541 510 484 470 485 432 428 462 358 287 319 308 278 206 216 206 156 159 145 91 88 73 72 55 44 37 32 30 15 11 9 5 6 1 2 0 1 1 0 0 0 0 0 0 0 0 0 0 0 0 0 0 0 0 0 0 0 0 0 0 0 0 0 0
0 0 0 0 0 0 0 0 0 0 0 0 0 0 0 0 0 0 664 717 683 652 662 640 615 606 646 609 654 702 710 721 759 697 681 761 729 739 778 733 805 735 680 801 786 804 826 849 922 987 999 945 1030 985 977 1015 1200 1139 1177 1223 1131 1156 1137 1221 1160 1154 1121 1030 1075 1015 944 870 872 870 732 624 613 646 522 505 419 396 389 336 317 258 220 194 144 151 118 99 73 49 39 32 14 8 11 5 2 4 1 0 1 0 0 0 0 0 0 0 0 0 0 0 0 0 0 0 0 0 0 0 0 0 0 0 0 0
0 0 0 0 0 0 0 0 0 0 0 0 0 0 0 0 0 0 374 424 431 382 391 383 401 383 380 388 362 379 384 416 365 417 424 409 426 404 385 464 471 442 452 507 474 471 538 561 597 620 687 655 596 587 625 653 761 702 709 798 687 718 738 740 739 738 746 738 747 685 630 638 646 652 597 469 478 480 410 363 301 282 262 243 225 213 155 159 111 107 73 58 42 36 25 20 9 7 2 5 2 1 0 0 0 0 0 0 0 0 0 0 0 0 0 0 0 0 0 0 0 0 0 0 0 0 0 0 0 0
0 0 0 0 0 0 0 0 0 0 0 0 0 0 0 0 0 1 467 539 505 487 500 433 468 455 432 477 434 485 521 546 524 501 524 535 535 492 515 581 544 563 556 601 568 566 591 648 655 755 728 785 723 707 754 781 863 871 836 842 841 865 843 796 787 817 840 812 762 750 696 658 645 684 602 478 441 430 476 353 303 286 253 240 205 185 168 142 114 95 73 72 47 42 20 26 15 6 7 3 4 3 1 0 0 0 0 0 0 0 0 0 0 0 0 0 0 0 0 0 0 0 0 0 0 0 0 0 0 0
0 0 0 0 0 0 0 0 0 0 0 0 0 0 0 0 0 0 222 252 258 255 247 211 236 229 205 211 255 255 268 207 223 249 229 239 226 211 197 235 255 235 240 240 261 268 297 305 313 366 411 361 387 385 390 406 488 436 462 409 446 401 407 410 393 410 361 347 382 366 306 369 334 367 287 249 202 259 251 201 186 173 135 135 107 93 77 75 71 53 32 21 15 12 15 14 3 5 5 1 1 0 0 0 0 0 0 0 0 0 0 0 0 0 0 0 0 0 0 0 0 0 0 0 0 0 0 0 0 0
